1,1,280.802,376.385,100.393,236.353,-1,-1,-1,-1
1,2,405.107,379.541,87.4496,214.149,-1,-1,-1,-1
2,1,284.433,376.921,100.731,237.612,-1,-1,-1,-1
2,2,407.08,383.45,88.19,212.464,-1,-1,-1,-1
3,1,285.542,377.113,101.394,231.078,-1,-1,-1,-1
3,2,410.015,381.892,88.31,212.686,-1,-1,-1,-1
4,1,287.636,377.035,104.17,232.436,-1,-1,-1,-1
4,2,412.476,381.764,89.3442,216.619,-1,-1,-1,-1
5,1,288.752,376.282,113.272,234.354,-1,-1,-1,-1
5,2,422.525,381.877,86.3423,212.332,-1,-1,-1,-1
6,1,290.805,377.066,115.302,234.072,-1,-1,-1,-1
6,2,426.492,383.788,84.5894,211.195,-1,-1,-1,-1
7,1,295.299,375.422,116.882,238.012,-1,-1,-1,-1
7,2,433.209,380.602,79.9007,215.023,-1,-1,-1,-1
8,1,299.608,376.101,115.52,235.014,-1,-1,-1,-1
8,2,435.855,382.177,87.4205,210.827,-1,-1,-1,-1
9,1,304.393,378.592,116.609,234.478,-1,-1,-1,-1
9,2,441.885,380.61,90.1232,212.817,-1,-1,-1,-1
10,1,308.467,374.844,115.328,243.13,-1,-1,-1,-1
10,2,444.588,379.515,95.0496,214.044,-1,-1,-1,-1
11,1,314.119,375.392,111.268,245.199,-1,-1,-1,-1
11,2,447.446,378.796,103.038,216.787,-1,-1,-1,-1
12,1,323.794,377.85,99.7201,241.532,-1,-1,-1,-1
12,2,453.373,379.177,101.19,216.164,-1,-1,-1,-1
13,1,332.733,377.406,89.9401,240.029,-1,-1,-1,-1
13,2,454.23,379.31,110.464,218.762,-1,-1,-1,-1
14,1,340.273,373.273,83.9747,247.226,-1,-1,-1,-1
14,2,459.383,382.178,105.156,213.94,-1,-1,-1,-1
15,1,341.903,372.429,91.5161,246.008,-1,-1,-1,-1
15,2,464.416,381.226,100.326,217.065,-1,-1,-1,-1
16,1,341.727,372.211,109.307,243.222,-1,-1,-1,-1
16,2,470.023,385.019,92.2227,212.244,-1,-1,-1,-1
17,1,349.394,372.906,110.046,241.879,-1,-1,-1,-1
17,2,476.396,381.14,83.713,215.579,-1,-1,-1,-1
18,1,353.115,371.611,110.718,245.762,-1,-1,-1,-1
18,2,480.44,376.587,80.465,220.554,-1,-1,-1,-1
19,1,351.896,375.897,117.937,240.7,-1,-1,-1,-1
19,2,487.598,377.71,72.7418,214.561,-1,-1,-1,-1
20,1,351.134,380.867,125.961,233.399,-1,-1,-1,-1
20,2,491.076,374.735,69.5594,218.626,-1,-1,-1,-1
21,1,359.198,380.506,120.491,238.521,-1,-1,-1,-1
21,2,494.92,376.126,68.5157,213.481,-1,-1,-1,-1
22,1,368.055,377.959,116.097,246.669,-1,-1,-1,-1
22,2,500.044,382.748,64.1209,199.206,-1,-1,-1,-1
23,1,371.6,379.864,118.348,245.624,-1,-1,-1,-1
23,2,504.237,385.96,61.9185,193.557,-1,-1,-1,-1
24,1,382.949,381.81,103.086,242.024,-1,-1,-1,-1
24,2,509.718,384.739,53.1123,196.403,-1,-1,-1,-1
25,1,390.116,379.346,99.5593,243.359,-1,-1,-1,-1
25,2,507.28,380.319,63.4454,204.255,-1,-1,-1,-1
26,1,399.351,375.477,98.4598,251.442,-1,-1,-1,-1
26,2,510.843,380.9,62.2226,201.38,-1,-1,-1,-1
27,1,405.164,376.209,101.977,247.408,-1,-1,-1,-1
27,2,514.405,382.48,60.9639,198.96,-1,-1,-1,-1
28,1,411.214,377.29,106.427,241.527,-1,-1,-1,-1
28,2,516.968,382.061,60.3325,198.911,-1,-1,-1,-1
29,1,415.365,376.34,113.772,239.879,-1,-1,-1,-1
29,2,519.53,380.641,60.0153,199.982,-1,-1,-1,-1
30,1,420.624,371.038,119.245,250.931,-1,-1,-1,-1
30,2,521.093,380.222,61.3959,200.698,-1,-1,-1,-1
31,1,428.853,372.73,115.987,243.567,-1,-1,-1,-1
31,2,524.656,379.802,60.9861,199.986,-1,-1,-1,-1
32,1,433.873,371.737,116.784,247.008,-1,-1,-1,-1
32,2,527.218,379.382,60.7388,199.707,-1,-1,-1,-1
33,1,438.329,372.579,116.645,245.396,-1,-1,-1,-1
33,2,529.781,378.963,60.6937,199.857,-1,-1,-1,-1
34,1,441.545,372.499,118.286,246.838,-1,-1,-1,-1
35,1,447.862,375.37,111.447,239.088,-1,-1,-1,-1
36,1,452.467,378.454,108.968,234.094,-1,-1,-1,-1
37,1,455.606,374.567,106.074,243.893,-1,-1,-1,-1
38,1,461.425,375.165,102.363,246.348,-1,-1,-1,-1
39,1,470.439,378.052,94.7483,240.259,-1,-1,-1,-1
40,1,481.777,374.812,84.911,240.656,-1,-1,-1,-1
41,1,488.53,373.328,80.6385,237.38,-1,-1,-1,-1
42,1,495.846,367.577,74.0867,249.027,-1,-1,-1,-1
43,1,499.871,375.194,71.9058,232.123,-1,-1,-1,-1
44,1,502.649,369.622,70.81,242.823,-1,-1,-1,-1
45,1,504.667,363.951,70.9004,247.443,-1,-1,-1,-1
46,1,508.995,367.642,65.358,239.333,-1,-1,-1,-1
47,1,509.881,365.591,70.6122,242.15,-1,-1,-1,-1
48,1,512.766,365.54,69.9173,240.774,-1,-1,-1,-1
49,1,515.652,363.488,69.5196,242.505,-1,-1,-1,-1
50,1,518.538,362.437,69.2615,242.441,-1,-1,-1,-1
51,1,522.424,361.385,68.9337,241.441,-1,-1,-1,-1
52,1,524.31,360.334,69.6488,241.862,-1,-1,-1,-1
53,1,527.196,359.283,69.4562,241.805,-1,-1,-1,-1
54,1,530.082,358.231,69.364,242.011,-1,-1,-1,-1
55,1,532.968,357.18,69.3328,241.912,-1,-1,-1,-1
74,3,1436.65,332.168,122.712,268.234,-1,-1,-1,-1
75,3,1425.52,329.121,129.99,272.125,-1,-1,-1,-1
76,3,1424.24,328.803,128.666,264.832,-1,-1,-1,-1
77,3,1420.66,321.396,132.707,273.83,-1,-1,-1,-1
78,3,1418.88,321.455,130.777,275.915,-1,-1,-1,-1
79,3,1421.61,315.561,128.073,283.134,-1,-1,-1,-1
80,3,1446.82,312.822,96.7751,281.658,-1,-1,-1,-1
81,3,1455.84,310.943,84.7483,278.602,-1,-1,-1,-1
82,3,1447.97,312.727,95.1736,269.717,-1,-1,-1,-1
83,3,1442.8,313.402,95.3362,265.617,-1,-1,-1,-1
84,3,1433.37,314.745,100.792,265.635,-1,-1,-1,-1
84,4,1347.47,325.918,129.485,268.535,-1,-1,-1,-1
85,3,1420.63,317.147,110.01,266.906,-1,-1,-1,-1
85,4,1316.55,329.735,161.996,266.692,-1,-1,-1,-1
86,3,1401.77,322.539,124.658,260.034,-1,-1,-1,-1
86,4,1306.79,340.968,152.987,251.039,-1,-1,-1,-1
87,3,1404.41,320.073,105.194,265.582,-1,-1,-1,-1
87,4,1298.93,331.943,149.104,267.06,-1,-1,-1,-1
88,4,1294.53,337.12,142.579,259.853,-1,-1,-1,-1
88,5,867.549,356.591,116.307,245.075,-1,-1,-1,-1
88,3,1378.97,320.11,136.804,278.247,-1,-1,-1,-1
89,3,1364.65,326.741,142.455,272.567,-1,-1,-1,-1
89,4,1292.98,336.15,125.976,263.589,-1,-1,-1,-1
89,5,870.771,352.623,120.182,252.744,-1,-1,-1,-1
90,3,1353.43,323.304,140.956,284.804,-1,-1,-1,-1
90,4,1289.06,333.708,114.561,268.491,-1,-1,-1,-1
90,5,872.219,355.148,119.88,245.618,-1,-1,-1,-1
91,3,1326.86,335.043,152.272,264.798,-1,-1,-1,-1
91,4,1266.69,337.395,137.041,262.006,-1,-1,-1,-1
91,5,877.272,354.495,115.426,251.294,-1,-1,-1,-1
92,3,1310.93,333.623,150.043,264.691,-1,-1,-1,-1
92,4,1258.33,337.083,133.852,264.2,-1,-1,-1,-1
92,5,877.616,355.998,120.983,253.865,-1,-1,-1,-1
93,3,1314.76,325.354,117.663,272.843,-1,-1,-1,-1
93,5,888.438,357.067,110.241,256.072,-1,-1,-1,-1
93,4,1267.9,329.593,81.6382,269.905,-1,-1,-1,-1
94,3,1313.95,322.302,94.3154,274.102,-1,-1,-1,-1
94,4,1255.73,331.589,86.2876,263.984,-1,-1,-1,-1
94,5,901.615,360.85,98.5001,254.7,-1,-1,-1,-1
95,3,1310.76,326.646,81.1133,260.948,-1,-1,-1,-1
95,4,1237.36,331.152,99.1743,263.211,-1,-1,-1,-1
95,5,912.74,359.883,91.1935,257.409,-1,-1,-1,-1
96,3,1297.66,327.328,90.3262,257.338,-1,-1,-1,-1
96,4,1226.3,331.981,97.7351,265.464,-1,-1,-1,-1
96,5,921.579,358.854,91.2911,258.786,-1,-1,-1,-1
97,3,1278.44,322.301,106.692,265.984,-1,-1,-1,-1
97,4,1211.88,334.364,130.516,260.697,-1,-1,-1,-1
97,5,934.854,356.483,83.6864,261.515,-1,-1,-1,-1
98,3,1269.41,328.783,110.969,261.623,-1,-1,-1,-1
98,4,1190.61,344.208,146.426,245.454,-1,-1,-1,-1
98,5,941.348,359.616,90.7003,253.566,-1,-1,-1,-1
98,6,868.091,350.306,86.5391,277.358,-1,-1,-1,-1
99,3,1266.25,328.139,96.6832,263.999,-1,-1,-1,-1
99,4,1193.03,337.272,158.189,262.198,-1,-1,-1,-1
99,5,948.437,360.072,92.7244,252.548,-1,-1,-1,-1
99,6,867.444,354.256,94.9364,271.332,-1,-1,-1,-1
100,4,1194.82,347.63,147.966,243.194,-1,-1,-1,-1
100,5,950.851,358.219,102.616,258.57,-1,-1,-1,-1
100,6,872.545,355.88,95.2805,268.651,-1,-1,-1,-1
100,3,1255.09,329.495,97.1568,261.978,-1,-1,-1,-1
101,4,1211.5,337.865,138.706,262.171,-1,-1,-1,-1
101,5,956.271,353.531,104.932,269.765,-1,-1,-1,-1
101,6,878.204,353.994,97.4406,272.932,-1,-1,-1,-1
101,3,1243.92,329.851,100.365,262.185,-1,-1,-1,-1
102,4,1215.8,338.694,141.419,257.184,-1,-1,-1,-1
102,5,967.045,357.176,94.5487,266.739,-1,-1,-1,-1
102,6,884.522,354.846,97.6023,273.077,-1,-1,-1,-1
102,3,1232.76,329.207,102.373,263.154,-1,-1,-1,-1
103,4,1213.55,339.95,147.607,255.747,-1,-1,-1,-1
103,5,973.965,353.782,87.6592,278.419,-1,-1,-1,-1
103,6,887.502,355.733,109.917,280.361,-1,-1,-1,-1
103,3,1222.59,330.563,101.51,262.588,-1,-1,-1,-1
104,4,1222.02,343.356,119.099,247.452,-1,-1,-1,-1
104,5,978.976,357.406,82.6959,270.943,-1,-1,-1,-1
104,6,896.202,358.73,109.428,277.684,-1,-1,-1,-1
104,3,1213.43,330.919,99.6177,262.781,-1,-1,-1,-1
105,4,1217.47,337.011,115.2,255.992,-1,-1,-1,-1
105,5,979.716,353.161,83.7318,278.755,-1,-1,-1,-1
105,6,902.213,356.725,116.082,282.015,-1,-1,-1,-1
105,7,1145.4,343.949,85.5464,241.879,-1,-1,-1,-1
105,3,1203.27,331.275,100.205,262.537,-1,-1,-1,-1
106,4,1218.49,332.884,91.75,262.047,-1,-1,-1,-1
106,5,993.679,353.553,69.4095,273.228,-1,-1,-1,-1
106,6,912.493,358.887,111.283,275.892,-1,-1,-1,-1
106,7,1138.55,338.513,82.6294,250.79,-1,-1,-1,-1
107,4,1212.75,334.166,77.8018,251.247,-1,-1,-1,-1
107,5,1006.9,357.183,58.4048,263.917,-1,-1,-1,-1
107,6,919.562,353.096,117.448,287.536,-1,-1,-1,-1
107,7,1125.07,339.453,86.8562,247.663,-1,-1,-1,-1
108,4,1195.05,327.439,84.5388,257.169,-1,-1,-1,-1
108,5,1003.43,351.784,76.3802,273.052,-1,-1,-1,-1
108,6,929.762,353.423,115.141,286.465,-1,-1,-1,-1
108,7,1114.72,345.149,87.2263,237.414,-1,-1,-1,-1
109,4,1180.54,331.648,87.7817,251.05,-1,-1,-1,-1
109,5,1009.97,352.384,74.1244,271.979,-1,-1,-1,-1
109,6,938.8,348.389,109.766,291.945,-1,-1,-1,-1
109,7,1109.4,336.718,86.5249,257.803,-1,-1,-1,-1
110,4,1169.02,329.368,91.9907,260.632,-1,-1,-1,-1
110,5,1016.5,351.984,72.4102,272.186,-1,-1,-1,-1
110,6,941.719,346.699,116.379,292.869,-1,-1,-1,-1
110,7,1104.68,343.746,85.9727,246.951,-1,-1,-1,-1
111,4,1153.88,328.772,103.562,263.653,-1,-1,-1,-1
111,6,950.291,348.845,109.053,286.979,-1,-1,-1,-1
111,7,1100.44,350.347,86.9604,233.04,-1,-1,-1,-1
111,5,1023.03,352.585,70.1458,270.873,-1,-1,-1,-1
112,4,1130.48,334.572,128.386,251.003,-1,-1,-1,-1
112,6,960.192,342.938,102.63,297.626,-1,-1,-1,-1
112,7,1093.6,345.584,86.7081,244.574,-1,-1,-1,-1
112,5,1028.56,352.185,70.2931,270.401,-1,-1,-1,-1
113,4,1120.1,332.086,129.502,258.418,-1,-1,-1,-1
113,6,966.591,344.533,98.7205,293.6,-1,-1,-1,-1
113,7,1086.76,345.822,86.6785,243.956,-1,-1,-1,-1
113,5,1033.09,350.785,72.6708,271.698,-1,-1,-1,-1
114,4,1109.89,341.652,134.076,245.735,-1,-1,-1,-1
114,6,969.144,345.582,100.869,296.66,-1,-1,-1,-1
114,7,1079.91,345.059,86.5689,245.265,-1,-1,-1,-1
114,5,1038.63,350.386,71.9289,271.428,-1,-1,-1,-1
115,4,1106.01,341.718,130.602,252.16,-1,-1,-1,-1
115,6,972.005,350.764,99.7488,290.264,-1,-1,-1,-1
115,5,1044.16,349.986,71.4897,271.317,-1,-1,-1,-1
115,7,1073.07,347.296,86.5777,242.757,-1,-1,-1,-1
116,4,1105.1,345.916,119.914,251.891,-1,-1,-1,-1
116,6,978.706,354.333,96.4641,288.697,-1,-1,-1,-1
116,5,1049.69,349.587,71.3057,271.143,-1,-1,-1,-1
116,7,1066.23,347.534,86.6987,241.919,-1,-1,-1,-1
117,4,1100.97,340.909,115.312,263.688,-1,-1,-1,-1
117,6,986.106,360.142,91.9229,275.997,-1,-1,-1,-1
117,7,1059.39,346.771,86.6464,243.694,-1,-1,-1,-1
118,4,1095.95,344.858,108.796,269.171,-1,-1,-1,-1
118,6,987.966,353.991,97.5451,289.044,-1,-1,-1,-1
118,7,1052.55,347.009,86.634,243.518,-1,-1,-1,-1
119,4,1105.94,354.578,76.8518,262.463,-1,-1,-1,-1
119,6,992.826,355.841,97.31,288.132,-1,-1,-1,-1
119,7,1045.71,347.246,86.6252,243.431,-1,-1,-1,-1
120,4,1099.01,357.129,81.6472,263.153,-1,-1,-1,-1
120,6,998.686,357.69,96.5982,286.427,-1,-1,-1,-1
120,7,1038.86,347.484,86.6364,243.064,-1,-1,-1,-1
121,4,1098.22,354.77,83.4292,273.762,-1,-1,-1,-1
121,6,997.801,369.33,70.241,238.529,-1,-1,-1,-1
122,4,1100.62,355.969,83.5955,273.86,-1,-1,-1,-1
122,6,976.257,355.411,103.029,252.207,-1,-1,-1,-1
123,4,1104.83,360.399,84.5525,266.503,-1,-1,-1,-1
123,6,962.184,349.91,118.6,256.069,-1,-1,-1,-1
124,4,1108.88,356.475,86.304,272.971,-1,-1,-1,-1
124,6,953.998,347.789,118.848,259.908,-1,-1,-1,-1
125,4,1110.88,352.726,91.9316,277.78,-1,-1,-1,-1
125,6,946.251,356.294,117.792,236.609,-1,-1,-1,-1
126,4,1108.66,342.138,110.274,301.019,-1,-1,-1,-1
126,6,942.372,355.168,112.578,232.303,-1,-1,-1,-1
127,4,1113.71,338.698,116.209,309.822,-1,-1,-1,-1
127,6,936.778,352.856,109.518,234.772,-1,-1,-1,-1
128,4,1115.36,342.834,119.395,303.785,-1,-1,-1,-1
128,6,934.179,351.621,100.935,235.341,-1,-1,-1,-1
129,4,1127.66,349.152,86.9556,295.79,-1,-1,-1,-1
129,6,929.152,349.118,86.0256,237.789,-1,-1,-1,-1
129,7,989.749,349.927,80.6248,222.986,-1,-1,-1,-1
130,4,1120.52,349.459,104.953,297.639,-1,-1,-1,-1
130,6,922.174,349.454,80.8086,234.711,-1,-1,-1,-1
130,7,984.791,345.652,76.4785,230.721,-1,-1,-1,-1
131,4,1122.01,353.554,93.5254,292.812,-1,-1,-1,-1
131,6,913.258,348.065,82.0303,238.73,-1,-1,-1,-1
131,7,978.003,347.941,79.0128,232.625,-1,-1,-1,-1
132,4,1117.63,351.958,108.047,298.321,-1,-1,-1,-1
132,6,897.279,351.788,92.2719,232.159,-1,-1,-1,-1
132,7,972.103,348.979,81.2585,233.169,-1,-1,-1,-1
133,4,1119.83,344.424,110.726,309.257,-1,-1,-1,-1
133,6,894.739,359.055,78.7545,220.347,-1,-1,-1,-1
133,7,962.453,349.796,89.5446,232.685,-1,-1,-1,-1
133,8,1186.54,343.495,116.421,289.357,-1,-1,-1,-1
134,4,1126.56,350.595,107.644,289.579,-1,-1,-1,-1
134,6,875.935,353.046,100.512,231.359,-1,-1,-1,-1
134,7,956.758,344.779,88.5037,242.248,-1,-1,-1,-1
134,8,1200.61,347.233,101.356,282.272,-1,-1,-1,-1
135,4,1126.1,341.325,122.127,297.856,-1,-1,-1,-1
135,6,869.44,358.063,97.578,218.59,-1,-1,-1,-1
135,7,949.557,344.682,85.4307,241.037,-1,-1,-1,-1
135,8,1215.74,352.787,88.0256,267.894,-1,-1,-1,-1
136,4,1133.66,334.669,127.636,307.759,-1,-1,-1,-1
136,6,866.095,355.203,90.849,218.687,-1,-1,-1,-1
136,7,939.152,346.324,90.973,238.403,-1,-1,-1,-1
136,8,1236.15,357.264,59.7322,257.793,-1,-1,-1,-1
137,4,1146.34,340.076,124.53,297.27,-1,-1,-1,-1
137,6,861.655,354.744,87.7605,216.226,-1,-1,-1,-1
137,7,928.395,348.194,98.9474,236.666,-1,-1,-1,-1
137,8,1234.99,345.854,73.5452,278.228,-1,-1,-1,-1
137,9,-0.267,224.512,243.466,854.976,-1,-1,-1,-1
138,4,1155.09,334.347,126.415,311.794,-1,-1,-1,-1
138,6,865.786,354.876,75.536,219.808,-1,-1,-1,-1
138,7,911.269,347.336,114.794,240.936,-1,-1,-1,-1
138,8,1235.29,345.799,87.816,275.109,-1,-1,-1,-1
138,9,1.39712,227.649,257.223,854.644,-1,-1,-1,-1
139,4,1155.84,331.152,157.526,315.715,-1,-1,-1,-1
139,6,852.919,354.539,90.4471,220.934,-1,-1,-1,-1
139,7,895.194,349.084,128.355,240.606,-1,-1,-1,-1
139,8,1245.59,346.743,82.095,272.259,-1,-1,-1,-1
139,9,5.92776,201.513,259.301,887.445,-1,-1,-1,-1
140,4,1172.34,329.171,155.481,315.739,-1,-1,-1,-1
140,6,848.052,355.202,88.4341,218.849,-1,-1,-1,-1
140,7,884.856,349.983,131.394,238.393,-1,-1,-1,-1
140,9,1.75411,204.529,286.93,871.906,-1,-1,-1,-1
140,8,1254.9,346.688,78.2428,270.257,-1,-1,-1,-1
141,4,1185.07,328.949,147.123,319.262,-1,-1,-1,-1
141,7,879.741,352.835,130.3,235.85,-1,-1,-1,-1
141,9,3.42025,213.967,295.522,843.821,-1,-1,-1,-1
141,6,843.185,354.865,86.6053,218.901,-1,-1,-1,-1
141,8,1263.2,345.633,76.2862,270.729,-1,-1,-1,-1
142,4,1200.01,335.335,126.044,310.997,-1,-1,-1,-1
142,7,872.843,351.059,129.824,235.924,-1,-1,-1,-1
142,9,2.56288,207.391,312.799,859.39,-1,-1,-1,-1
142,6,837.318,354.528,85.7566,218.944,-1,-1,-1,-1
142,8,1268.5,342.577,79.597,273.316,-1,-1,-1,-1
143,4,1194.22,338.66,157.485,306.766,-1,-1,-1,-1
143,7,869.149,353.581,121.514,233.32,-1,-1,-1,-1
143,9,-1.66195,194.844,340.312,879.127,-1,-1,-1,-1
143,6,831.451,353.191,85.3558,219.487,-1,-1,-1,-1
143,8,1275.8,342.522,80.8074,272.334,-1,-1,-1,-1
144,4,1217.56,335.885,117.822,311.86,-1,-1,-1,-1
144,7,866.822,357.808,114.865,224.231,-1,-1,-1,-1
144,8,1283.47,343.087,86.8047,286.497,-1,-1,-1,-1
144,9,2.43882,198.241,355.268,876.273,-1,-1,-1,-1
144,6,824.584,352.854,87.3198,219.423,-1,-1,-1,-1
145,4,1206.09,334.03,166.795,313.759,-1,-1,-1,-1
145,7,873.782,355.67,84.8069,220.512,-1,-1,-1,-1
145,9,1.56399,192.314,382.696,886.756,-1,-1,-1,-1
145,6,819.716,352.517,86.6943,219.121,-1,-1,-1,-1
145,8,1294.26,349.277,80.3476,274.627,-1,-1,-1,-1
146,4,1210.34,333.008,187.64,313.465,-1,-1,-1,-1
146,7,871.143,348.996,75.8881,224.966,-1,-1,-1,-1
146,9,-5.62698,182.168,426.445,896.58,-1,-1,-1,-1
146,6,813.849,352.18,86.3464,219.175,-1,-1,-1,-1
146,8,1302.05,348.467,80.7686,275.501,-1,-1,-1,-1
147,4,1222.06,329.711,191.656,314.316,-1,-1,-1,-1
147,7,848.959,344.983,105.38,227.791,-1,-1,-1,-1
147,9,4.29983,175.48,439.304,901.468,-1,-1,-1,-1
147,8,1308.84,348.657,81.6651,276.455,-1,-1,-1,-1
148,4,1227.17,334.155,205.824,297.828,-1,-1,-1,-1
148,7,844.775,343.971,100.491,226.164,-1,-1,-1,-1
148,9,15.8544,178.44,442.082,885.677,-1,-1,-1,-1
148,8,1316.63,347.847,82.0787,277.083,-1,-1,-1,-1
149,4,1242.94,322.189,193.849,316.358,-1,-1,-1,-1
149,7,839.591,342.958,96.2861,224.733,-1,-1,-1,-1
149,9,44.7722,173.152,409.159,889.351,-1,-1,-1,-1
149,8,1324.42,348.037,82.3329,278.032,-1,-1,-1,-1
150,4,1249.1,324.2,200.111,316.35,-1,-1,-1,-1
150,9,52.6901,168.864,419.937,891.966,-1,-1,-1,-1
150,7,834.407,340.946,92.5703,224.833,-1,-1,-1,-1
150,8,1332.21,349.227,81.4386,276.339,-1,-1,-1,-1
151,4,1268.06,320.427,181.008,328.572,-1,-1,-1,-1
151,9,61.608,164.576,427.385,893.008,-1,-1,-1,-1
151,10,0.0235,775.082,242.047,303.835,-1,-1,-1,-1
151,7,826.223,337.933,94.123,225.697,-1,-1,-1,-1
152,4,1275.48,321.55,177.18,332.92,-1,-1,-1,-1
152,7,817.04,335.92,97.7699,225.844,-1,-1,-1,-1
152,9,74.5258,162.288,427.574,892.294,-1,-1,-1,-1
152,10,-3.69066,773.017,275.196,305.498,-1,-1,-1,-1
153,4,1273.87,328.578,196.76,319.146,-1,-1,-1,-1
153,10,1.27849,775.541,292.819,301.059,-1,-1,-1,-1
153,11,104.388,156.54,501.38,922.016,-1,-1,-1,-1
153,7,810.856,333.908,96.248,225.454,-1,-1,-1,-1
153,9,88.4437,160,425.227,890.459,-1,-1,-1,-1
154,4,1281.58,327.832,193.608,324.489,-1,-1,-1,-1
154,10,-0.264387,778.486,321.187,298.477,-1,-1,-1,-1
154,11,131.671,157.945,503.279,922.11,-1,-1,-1,-1
154,7,803.672,331.895,95.3994,225.312,-1,-1,-1,-1
154,9,103.362,155.712,421.857,891.416,-1,-1,-1,-1
155,4,1291.87,329.262,189.413,321.893,-1,-1,-1,-1
155,10,8.14364,777.274,343.816,301.43,-1,-1,-1,-1
155,11,149.867,157.895,509.804,924.174,-1,-1,-1,-1
155,7,796.488,329.883,95.2221,225.428,-1,-1,-1,-1
155,9,115.279,152.424,424.396,891.829,-1,-1,-1,-1
156,4,1299.78,333.096,186.738,316.502,-1,-1,-1,-1
156,10,36.1503,783.524,337.9,291.717,-1,-1,-1,-1
156,9,127.197,149.135,425.288,891.801,-1,-1,-1,-1
156,11,173.063,159.846,506.261,922.4,-1,-1,-1,-1
157,4,1312.61,329.154,173.984,322.074,-1,-1,-1,-1
157,10,59.9373,789.744,342.669,286.504,-1,-1,-1,-1
157,9,141.115,145.847,424.868,891.56,-1,-1,-1,-1
157,11,216.317,143.319,478.64,937.166,-1,-1,-1,-1
158,4,1314.75,330.931,185.282,317.994,-1,-1,-1,-1
158,10,86.9383,786.285,327.678,295.837,-1,-1,-1,-1
158,11,228.042,148.471,499.873,925.573,-1,-1,-1,-1
159,4,1327.5,329.056,183.246,324.04,-1,-1,-1,-1
159,10,103.939,788.827,334.65,294.793,-1,-1,-1,-1
159,11,250.767,147.623,499.571,926.285,-1,-1,-1,-1
160,4,1321.04,327.222,213.736,328.182,-1,-1,-1,-1
160,11,279.29,139.185,467.12,940.055,-1,-1,-1,-1
160,10,121.94,790.368,337.343,294.056,-1,-1,-1,-1
161,4,1324.85,328.935,222.746,324.109,-1,-1,-1,-1
161,11,293.002,137.054,495.699,942.2,-1,-1,-1,-1
161,12,10.0423,383.166,90.2852,172.069,-1,-1,-1,-1
161,10,142.941,792.909,336.048,292.582,-1,-1,-1,-1
162,4,1332.06,330.977,225.823,319.55,-1,-1,-1,-1
162,12,18.9757,379.47,86.0375,175.611,-1,-1,-1,-1
162,13,223.316,816.587,324.952,262.827,-1,-1,-1,-1
162,10,162.942,794.451,335.678,292.754,-1,-1,-1,-1
162,11,319.283,140.058,488.181,934.256,-1,-1,-1,-1
163,4,1347.29,328.802,212.524,322.216,-1,-1,-1,-1
163,12,23.4127,381.225,92.4143,176.172,-1,-1,-1,-1
163,10,183.943,794.992,334.279,294.005,-1,-1,-1,-1
163,11,340.564,139.063,490.089,933.674,-1,-1,-1,-1
163,13,254.304,828.315,320.519,247.706,-1,-1,-1,-1
164,4,1370.83,328.358,185.064,318.343,-1,-1,-1,-1
164,12,26.5455,384.161,97.5192,166.583,-1,-1,-1,-1
164,10,202.945,796.534,335.6,293.638,-1,-1,-1,-1
164,11,363.845,137.067,488.132,935.294,-1,-1,-1,-1
164,13,280.119,822.181,328.11,265.893,-1,-1,-1,-1
165,4,1392.54,323.917,164.646,329.812,-1,-1,-1,-1
165,12,31.4204,383.026,99.9819,168.645,-1,-1,-1,-1
165,11,387.125,135.071,485.844,937.096,-1,-1,-1,-1
165,13,310.935,826.047,325.672,263.096,-1,-1,-1,-1
166,4,1408.92,323.619,150.549,330.753,-1,-1,-1,-1
166,12,37.8608,380.873,98.411,171.605,-1,-1,-1,-1
166,14,452.584,85.8606,486.337,949.69,-1,-1,-1,-1
166,11,407.406,135.075,489.589,936.504,-1,-1,-1,-1
166,13,340.75,830.913,325.7,260.827,-1,-1,-1,-1
167,4,1420.17,328.947,141.559,319.62,-1,-1,-1,-1
167,12,44.9574,389.037,95.3983,154.151,-1,-1,-1,-1
167,14,461.021,68.9422,499.198,1000.09,-1,-1,-1,-1
167,11,430.687,134.079,488.367,935.365,-1,-1,-1,-1
167,13,371.565,833.779,324.991,260.07,-1,-1,-1,-1
168,4,1427.98,327.446,136.694,323.609,-1,-1,-1,-1
168,12,50.1159,380.171,101.791,172.374,-1,-1,-1,-1
168,14,508.719,82.0344,462.43,979.508,-1,-1,-1,-1
168,15,464.849,873.445,268.716,205.109,-1,-1,-1,-1
168,13,401.38,836.646,324.999,259.519,-1,-1,-1,-1
169,4,1433.16,326.028,131.721,322.42,-1,-1,-1,-1
169,12,57.3051,373.433,99.5351,189.817,-1,-1,-1,-1
169,14,520.545,80.4524,491.483,992.606,-1,-1,-1,-1
169,15,486.205,855.676,293.481,235.401,-1,-1,-1,-1
170,4,1435.59,319.827,130.132,335.408,-1,-1,-1,-1
170,12,67.5236,376.391,91.6047,189.466,-1,-1,-1,-1
170,14,572.012,72.2175,452.846,1007.26,-1,-1,-1,-1
170,15,523.051,860.952,291.924,234.334,-1,-1,-1,-1
171,4,1436.94,325.294,128.602,327.801,-1,-1,-1,-1
171,12,74.7658,383.903,92.1035,172.513,-1,-1,-1,-1
171,14,587.09,83.4845,478.459,985.831,-1,-1,-1,-1
171,15,560.898,866.228,288.704,231.883,-1,-1,-1,-1
172,4,1439.22,325.157,124.782,325.229,-1,-1,-1,-1
172,12,83.2541,382.789,92.3436,176.756,-1,-1,-1,-1
172,14,616.168,79.7514,476.883,993.059,-1,-1,-1,-1
172,15,597.744,872.504,286.982,228.719,-1,-1,-1,-1
173,4,1436.3,328.73,127.23,313.615,-1,-1,-1,-1
173,12,86.0023,378.054,99.8137,185.882,-1,-1,-1,-1
173,16,697.197,876.964,236.978,202.071,-1,-1,-1,-1
173,14,646.247,81.0183,472.42,991.653,-1,-1,-1,-1
173,15,633.59,876.78,285.962,227.089,-1,-1,-1,-1
174,4,1435.2,334.962,127.187,299.663,-1,-1,-1,-1
174,12,90.8664,381.048,100.292,179.119,-1,-1,-1,-1
174,16,738.037,882.174,239.823,198.767,-1,-1,-1,-1
174,14,673.325,80.2853,474.418,994.082,-1,-1,-1,-1
174,15,667.436,879.056,289.411,231.485,-1,-1,-1,-1
175,4,1449.52,332.117,106.83,306.833,-1,-1,-1,-1
175,12,95.5195,376.949,99.308,188.281,-1,-1,-1,-1
175,16,782.574,882.647,238.281,197.278,-1,-1,-1,-1
175,17,779.167,62.1903,525.231,1005.74,-1,-1,-1,-1
175,14,702.403,80.5522,471.005,994.377,-1,-1,-1,-1
175,15,704.282,884.332,288.597,230.702,-1,-1,-1,-1
176,4,1464.69,336.087,88.7183,297.607,-1,-1,-1,-1
176,12,101.221,388.266,104.636,162.65,-1,-1,-1,-1
176,17,838.931,66.3436,500.086,981.265,-1,-1,-1,-1
176,14,729.481,81.8191,474.637,991.8,-1,-1,-1,-1
176,15,740.128,888.608,287.931,229.976,-1,-1,-1,-1
176,16,828.11,883.12,234.914,197.445,-1,-1,-1,-1
177,4,1477.62,333.648,76.1124,300.614,-1,-1,-1,-1
177,12,108.897,377.651,102.999,185.135,-1,-1,-1,-1
177,18,10.0496,386.562,74.7519,186.27,-1,-1,-1,-1
177,16,870.647,883.593,236.676,197.765,-1,-1,-1,-1
177,17,839.542,45.9039,577.57,1013.68,-1,-1,-1,-1
178,4,1493.62,330.109,60.2933,309.963,-1,-1,-1,-1
178,12,117.256,379.034,100.19,180.6,-1,-1,-1,-1
178,18,10.4401,384.354,88.4244,188.491,-1,-1,-1,-1
178,16,913.184,884.067,237.335,198.665,-1,-1,-1,-1
178,17,888.251,14.4598,562.959,1061.97,-1,-1,-1,-1
179,4,1482.72,334.026,91.8282,302.936,-1,-1,-1,-1
179,12,127.84,380.72,82.689,166.253,-1,-1,-1,-1
179,18,16.8396,384.906,91.2836,188.848,-1,-1,-1,-1
179,16,956.72,884.54,237.406,197.984,-1,-1,-1,-1
179,17,946.726,35.8505,534.444,1009.4,-1,-1,-1,-1
180,4,1491.82,332.942,84.7564,303.591,-1,-1,-1,-1
180,12,128.846,373.679,94.5556,177.886,-1,-1,-1,-1
180,18,29.2387,383.747,82.5874,190.65,-1,-1,-1,-1
180,16,1001.26,885.013,236.922,197.827,-1,-1,-1,-1
180,17,987.572,26.8058,528.284,1043.06,-1,-1,-1,-1
181,4,1498.92,333.859,80.3417,302.942,-1,-1,-1,-1
181,12,135.045,375.028,99.8152,174.834,-1,-1,-1,-1
181,18,35.9664,387.58,84.9181,181.621,-1,-1,-1,-1
181,16,1044.79,885.486,236.651,197.937,-1,-1,-1,-1
181,17,1017.46,36.2926,545.365,1034.23,-1,-1,-1,-1
182,12,140.664,364.773,103.101,201.584,-1,-1,-1,-1
182,18,41.7448,384.945,94.2894,187.29,-1,-1,-1,-1
182,4,1505.02,332.775,78.6664,304.009,-1,-1,-1,-1
182,17,1083.27,35.2766,484.792,1030.69,-1,-1,-1,-1
183,12,155.092,375.306,80.6641,173.413,-1,-1,-1,-1
183,17,1120.98,17.9387,457.653,1061.28,-1,-1,-1,-1
183,18,53.2373,383.776,88.3988,191.631,-1,-1,-1,-1
183,4,1509.12,332.692,79.1772,304.688,-1,-1,-1,-1
184,12,155.018,373.97,96.6792,173.371,-1,-1,-1,-1
184,17,1182.82,48.2612,388.181,990.422,-1,-1,-1,-1
184,18,62.4357,382.725,89.4223,197.963,-1,-1,-1,-1
184,4,1513.22,332.608,82.954,303.633,-1,-1,-1,-1
185,12,155.608,369.694,112.682,189.905,-1,-1,-1,-1
185,17,1239.64,33.8693,327.998,1002.23,-1,-1,-1,-1
185,18,67.5922,384.022,98.3258,197.066,-1,-1,-1,-1
185,4,1518.32,332.525,81.1792,303.773,-1,-1,-1,-1
186,12,165.58,368.189,106.394,195.99,-1,-1,-1,-1
186,17,1215.25,18.8832,440.798,1023.77,-1,-1,-1,-1
186,18,77.5887,384.326,93.5648,197.901,-1,-1,-1,-1
186,4,1524.42,332.441,80.4637,303.809,-1,-1,-1,-1
187,12,175.43,375.377,107.595,175.889,-1,-1,-1,-1
187,18,86.6442,385.465,97.5081,198.655,-1,-1,-1,-1
187,19,480.972,391.216,84.3564,192.769,-1,-1,-1,-1
187,17,1256.86,15.8971,419.884,1021.68,-1,-1,-1,-1
188,12,189.403,377.114,104.926,166.848,-1,-1,-1,-1
188,18,97.3467,379.139,94.0409,211.488,-1,-1,-1,-1
188,19,472.295,391.705,89.0131,198.322,-1,-1,-1,-1
188,17,1295.47,12.911,406.903,1019.88,-1,-1,-1,-1
189,12,201.402,367.904,100.108,185.248,-1,-1,-1,-1
189,18,103.52,380.622,98.8197,211.461,-1,-1,-1,-1
189,19,468.547,393.198,89.224,197.529,-1,-1,-1,-1
189,17,1332.08,12.9248,396.753,1011.6,-1,-1,-1,-1
190,12,206.941,367.935,107.445,183.515,-1,-1,-1,-1
190,18,115.361,384.381,93.1518,203.776,-1,-1,-1,-1
190,19,465.699,391.388,83.2393,201.456,-1,-1,-1,-1
190,17,1362.69,6.93873,398.467,1015.83,-1,-1,-1,-1
191,12,217.35,368.232,105.294,181.498,-1,-1,-1,-1
191,18,119.703,378.095,106.484,218.332,-1,-1,-1,-1
191,19,465.148,392.474,71.6385,196.413,-1,-1,-1,-1
192,12,228.387,364.618,97.0973,188.362,-1,-1,-1,-1
192,18,130.456,377.394,102.034,217.226,-1,-1,-1,-1
192,19,459.358,388.617,73.0107,198.508,-1,-1,-1,-1
193,12,240.022,372.956,82.0497,160.719,-1,-1,-1,-1
193,18,140.48,378.61,100.107,209.89,-1,-1,-1,-1
193,19,452.078,383.669,78.1878,201.737,-1,-1,-1,-1
194,12,241.56,366.309,91.2021,165.121,-1,-1,-1,-1
194,18,150.519,380.187,95.4839,209.65,-1,-1,-1,-1
194,19,443.568,376.976,82.3153,210.908,-1,-1,-1,-1
195,12,250.794,363.269,88.6258,167.098,-1,-1,-1,-1
195,18,155.856,378.798,107.353,213.352,-1,-1,-1,-1
195,19,440.763,381.105,73.8112,199.389,-1,-1,-1,-1
196,12,258.488,360.608,84.4159,177.115,-1,-1,-1,-1
196,18,170.214,380.341,97.1277,208.768,-1,-1,-1,-1
196,19,435.56,383.666,69.1672,198.59,-1,-1,-1,-1
197,12,263.838,357.19,87.0329,187.297,-1,-1,-1,-1
197,18,180.051,377.053,95.3905,213.336,-1,-1,-1,-1
197,19,421.483,387.965,85.1016,193.653,-1,-1,-1,-1
198,12,272.572,360.347,89.6577,184.087,-1,-1,-1,-1
198,18,188.35,373.464,101.142,222.437,-1,-1,-1,-1
198,19,412.12,388.56,95.2227,197.311,-1,-1,-1,-1
199,12,280.871,357.836,88.786,197.348,-1,-1,-1,-1
199,18,199.833,374.482,97.0434,215.443,-1,-1,-1,-1
199,19,410.542,394.555,92.9566,183.975,-1,-1,-1,-1
200,12,292.553,370.175,90.4672,161.788,-1,-1,-1,-1
200,18,208.865,373.531,102.663,212.825,-1,-1,-1,-1
200,19,406.569,392.32,89.9441,181.412,-1,-1,-1,-1
200,20,487.459,365.705,76.1615,213.901,-1,-1,-1,-1
201,12,302.321,360.909,92.7325,182.928,-1,-1,-1,-1
201,18,220.377,364.457,100.101,224.608,-1,-1,-1,-1
201,19,403.504,387.731,86.4784,190.988,-1,-1,-1,-1
201,20,477.629,373.87,86.6734,206.741,-1,-1,-1,-1
202,12,311.58,362.112,91.4282,175.291,-1,-1,-1,-1
202,18,231.195,366.089,98.1913,214.509,-1,-1,-1,-1
202,19,396.438,387.142,89.9407,189.468,-1,-1,-1,-1
202,20,471.246,377.318,89.8416,200.081,-1,-1,-1,-1
203,12,322.012,359.443,90.6143,180.288,-1,-1,-1,-1
203,18,239.667,360.81,104.23,222.758,-1,-1,-1,-1
203,19,391.373,387.553,90.9085,188.631,-1,-1,-1,-1
203,20,470.748,384.119,81.9023,186.735,-1,-1,-1,-1
204,12,330.13,358.187,102.514,183.155,-1,-1,-1,-1
204,18,255.368,359.646,93.8849,221.8,-1,-1,-1,-1
204,20,467.255,386.091,84.7303,182.152,-1,-1,-1,-1
204,19,386.308,387.964,90.0457,186.895,-1,-1,-1,-1
205,12,346.184,358.136,95.0457,183.409,-1,-1,-1,-1
205,18,264.546,358.463,100.934,225.037,-1,-1,-1,-1
205,20,460.373,383.918,84.8137,184.694,-1,-1,-1,-1
205,19,381.243,386.374,89.4635,187.479,-1,-1,-1,-1
206,12,362.812,356.227,84.7365,186.385,-1,-1,-1,-1
206,18,278.307,360.591,96.4006,221.961,-1,-1,-1,-1
206,20,452.471,391.315,79.407,154.818,-1,-1,-1,-1
206,19,376.178,385.785,89.3674,188.692,-1,-1,-1,-1
207,12,373.445,361.31,79.6646,168.556,-1,-1,-1,-1
207,18,295.618,357.749,82.4957,222.211,-1,-1,-1,-1
207,20,444.715,375.199,84.139,181.696,-1,-1,-1,-1
207,19,371.112,385.196,89.9451,188.233,-1,-1,-1,-1
208,12,378.86,353.952,90.515,180.359,-1,-1,-1,-1
208,18,300.588,361.08,98.6517,221.309,-1,-1,-1,-1
208,20,439.959,375.083,82.9985,178.019,-1,-1,-1,-1
208,19,366.047,384.607,89.946,187.986,-1,-1,-1,-1
209,12,389.275,352.595,90.4952,180.373,-1,-1,-1,-1
209,18,312.087,360.42,99.7219,226.864,-1,-1,-1,-1
209,19,360.982,384.018,89.7535,187.857,-1,-1,-1,-1
209,20,404.348,362,114.51,196.99,-1,-1,-1,-1
210,18,322.705,359.994,104.467,229.138,-1,-1,-1,-1
210,12,401.812,351.147,107.639,202.348,-1,-1,-1,-1
210,20,407.5,367.445,89.1736,179.243,-1,-1,-1,-1
211,12,419.947,355.7,94.6588,195.297,-1,-1,-1,-1
211,18,335.106,360.947,102.814,233.741,-1,-1,-1,-1
211,20,398.652,365.89,90.0456,178.153,-1,-1,-1,-1
212,12,432.468,356.601,93.7147,193.553,-1,-1,-1,-1
212,18,344.707,362.489,100.463,230.367,-1,-1,-1,-1
212,20,388.805,361.335,92.1733,182.82,-1,-1,-1,-1
213,12,447.918,349.128,91.8109,217.138,-1,-1,-1,-1
213,18,344.182,366.836,124.459,218.38,-1,-1,-1,-1
213,20,378.957,357.78,93.7802,183.045,-1,-1,-1,-1
214,12,462.84,355.947,85.1418,200.879,-1,-1,-1,-1
214,18,369.399,361.394,111.48,227.686,-1,-1,-1,-1
214,20,369.109,355.225,95.9366,184.05,-1,-1,-1,-1
215,12,473.412,341.777,85.0364,240.169,-1,-1,-1,-1
215,18,387.43,356.812,104.038,236.53,-1,-1,-1,-1
215,19,321.186,388.21,64.2647,190.074,-1,-1,-1,-1
216,12,484.552,345.469,80.3057,239.455,-1,-1,-1,-1
216,18,408.462,363.696,80.8948,211.244,-1,-1,-1,-1
216,19,313.442,388.956,72.7719,194.377,-1,-1,-1,-1
217,12,493.486,351.396,73.9832,233.511,-1,-1,-1,-1
217,18,411.226,362.001,95.5583,217.214,-1,-1,-1,-1
217,19,305.099,389.783,82.4174,195.125,-1,-1,-1,-1
218,12,498.09,358.072,83.2556,226.23,-1,-1,-1,-1
218,18,429.787,354.091,103.547,238.911,-1,-1,-1,-1
218,19,300.998,390.423,77.8669,197.678,-1,-1,-1,-1
219,12,508.694,359.749,81.5445,228.049,-1,-1,-1,-1
219,18,440.332,356.863,114,234.03,-1,-1,-1,-1
219,19,295.004,390.48,77.874,198.075,-1,-1,-1,-1
220,18,459.83,352.515,99.6829,241.908,-1,-1,-1,-1
220,19,293.117,391.243,72.5473,193.134,-1,-1,-1,-1
220,12,519.297,359.425,80.8251,233.483,-1,-1,-1,-1
221,18,474.283,351.992,91.8538,243.919,-1,-1,-1,-1
221,19,287.99,391.296,72.8147,195.263,-1,-1,-1,-1
221,12,528.901,363.102,79.9828,232.146,-1,-1,-1,-1
222,18,494.665,355.111,68.5747,231.301,-1,-1,-1,-1
222,19,280.165,398.276,78.0324,184.177,-1,-1,-1,-1
222,12,538.505,366.778,79.9183,230.684,-1,-1,-1,-1
223,18,502.282,350.631,66.8817,241.55,-1,-1,-1,-1
223,19,269.935,397.123,87.2521,188.756,-1,-1,-1,-1
223,21,358.738,382.559,75.8959,199.883,-1,-1,-1,-1
223,12,547.109,369.455,81.1053,230.118,-1,-1,-1,-1
224,18,501.735,352.297,88.1986,238.542,-1,-1,-1,-1
224,19,257.908,398.912,101.379,187.843,-1,-1,-1,-1
224,21,355.398,383.738,77.3923,198.274,-1,-1,-1,-1
224,12,557.713,372.131,80.6752,230.896,-1,-1,-1,-1
225,18,514.187,350.962,83.0383,239.444,-1,-1,-1,-1
225,19,248.433,399.6,110.953,187.595,-1,-1,-1,-1
225,21,348.366,385.32,80.1005,194.802,-1,-1,-1,-1
225,12,567.317,373.808,80.5013,231.465,-1,-1,-1,-1
226,18,526.64,351.628,79.7094,238.951,-1,-1,-1,-1
226,19,243.412,401.029,112.001,185.676,-1,-1,-1,-1
226,21,344.029,383.433,78.8633,198.035,-1,-1,-1,-1
227,19,243.237,398.249,103.445,191.107,-1,-1,-1,-1
227,21,337.839,382.929,79.4584,200.801,-1,-1,-1,-1
227,18,538.092,351.293,77.2806,237.958,-1,-1,-1,-1
228,19,237.821,392.974,101.761,200.844,-1,-1,-1,-1
228,21,327.398,383.963,90.218,199.834,-1,-1,-1,-1
228,18,547.545,349.958,79.0217,239.289,-1,-1,-1,-1
229,19,241.567,393.307,76.3875,196.932,-1,-1,-1,-1
229,21,317.22,387.643,98.1559,196.3,-1,-1,-1,-1
229,18,556.997,350.624,81.4497,238.837,-1,-1,-1,-1
230,19,236.505,390.115,70.7807,198.001,-1,-1,-1,-1
230,21,306.649,388.399,108.952,195.382,-1,-1,-1,-1
230,18,568.45,350.289,80.1,238.896,-1,-1,-1,-1
231,19,232.222,391.156,66.6627,191.224,-1,-1,-1,-1
231,21,300.236,391.963,111.834,190.352,-1,-1,-1,-1
231,18,578.902,349.955,79.5123,238.786,-1,-1,-1,-1
232,19,227.392,391.148,68.2204,191.149,-1,-1,-1,-1
232,21,302.466,391.168,102.219,192.476,-1,-1,-1,-1
232,18,589.355,349.62,79.4729,238.753,-1,-1,-1,-1
233,19,220.002,388.23,73.9654,193.723,-1,-1,-1,-1
233,21,292.229,395.126,113.498,184.292,-1,-1,-1,-1
234,19,213.444,388.259,78.5069,194.778,-1,-1,-1,-1
234,21,295.543,393.096,96.7693,187.134,-1,-1,-1,-1
235,19,208.772,387.623,76.2063,197.804,-1,-1,-1,-1
235,21,290.529,390.905,94.5929,189.128,-1,-1,-1,-1
236,19,203.187,389.013,77.4479,193.124,-1,-1,-1,-1
236,21,285.715,389.822,94.4295,190.545,-1,-1,-1,-1
237,19,197.329,392.52,82.401,187.843,-1,-1,-1,-1
237,21,284.323,389.286,86.3676,188.602,-1,-1,-1,-1
238,19,193.212,395.526,83.0371,185.589,-1,-1,-1,-1
238,21,281.9,384.511,77.1791,194.061,-1,-1,-1,-1
239,19,187.901,399.234,87.2825,184.713,-1,-1,-1,-1
239,21,274.125,385.074,80.1047,189.197,-1,-1,-1,-1
240,19,184.664,399.94,83.0554,186.058,-1,-1,-1,-1
240,21,266.848,384.486,81.8576,189.596,-1,-1,-1,-1
241,19,182.322,396.209,75.7661,191.277,-1,-1,-1,-1
241,21,261.56,383.554,80.5599,192.906,-1,-1,-1,-1
242,19,178.841,393.894,72.5928,191.174,-1,-1,-1,-1
242,21,257.958,384.327,78.3295,189.293,-1,-1,-1,-1
243,19,174.567,391.689,69.9564,191.761,-1,-1,-1,-1
243,21,254.591,386.978,76.9815,186.734,-1,-1,-1,-1
244,19,169.707,391.66,71.5268,189.378,-1,-1,-1,-1
244,21,244.432,386.344,87.5179,192.755,-1,-1,-1,-1
245,19,165.333,392.203,74.3403,186.944,-1,-1,-1,-1
245,21,241.678,388.146,85.928,190.118,-1,-1,-1,-1
246,19,156.11,390.351,81.9758,190.881,-1,-1,-1,-1
246,21,235.471,391.997,90.9105,185.078,-1,-1,-1,-1
246,22,884.044,331.077,126.544,253.727,-1,-1,-1,-1
247,19,151.17,390.95,82.0879,187.782,-1,-1,-1,-1
247,21,233.161,394.49,86.5731,182.921,-1,-1,-1,-1
247,22,884.297,336.847,138.806,241.733,-1,-1,-1,-1
248,19,144.724,389.773,83.98,191.454,-1,-1,-1,-1
248,21,229.329,391.539,84.4666,185.001,-1,-1,-1,-1
248,22,894.421,332.248,138.754,250.157,-1,-1,-1,-1
249,19,136.185,396.58,96.5446,184.72,-1,-1,-1,-1
249,21,229.825,392.883,73.983,183.812,-1,-1,-1,-1
249,22,906.082,327.043,138.814,257.072,-1,-1,-1,-1
250,19,132.934,393.648,95.2719,190.199,-1,-1,-1,-1
250,21,227.775,392.777,67.5929,181.228,-1,-1,-1,-1
250,22,921.447,329.572,131.829,254.273,-1,-1,-1,-1
251,19,129.23,396.608,96.0176,185.531,-1,-1,-1,-1
251,21,219.547,389.386,72.4363,183.971,-1,-1,-1,-1
251,22,936.024,327.58,124.592,258.318,-1,-1,-1,-1
252,19,123.471,399.052,101.927,183.2,-1,-1,-1,-1
252,21,216.305,387.841,69.4036,180.481,-1,-1,-1,-1
252,22,948.145,329.33,122.522,251.741,-1,-1,-1,-1
253,19,122.471,398.117,93.1663,188.108,-1,-1,-1,-1
253,21,207.008,386.573,77.1645,180.447,-1,-1,-1,-1
253,22,964.247,330.306,100.974,251.451,-1,-1,-1,-1
254,19,122.484,398.683,81.3953,185.959,-1,-1,-1,-1
254,21,203.723,385.336,75.962,183.386,-1,-1,-1,-1
254,22,973.676,328.141,92.3885,259.223,-1,-1,-1,-1
255,19,118.951,400.179,76.6954,181.502,-1,-1,-1,-1
255,21,199.897,383.85,78.3639,189.889,-1,-1,-1,-1
255,22,985.916,330.4,81.791,256.606,-1,-1,-1,-1
256,19,115.751,395.487,71.7088,189.272,-1,-1,-1,-1
256,21,197.143,386.135,77.6966,189.202,-1,-1,-1,-1
256,22,982.83,330.846,104.454,255.468,-1,-1,-1,-1
257,19,110.439,397.05,71.9327,183.673,-1,-1,-1,-1
257,21,186.493,388.236,90.5667,187.32,-1,-1,-1,-1
257,22,992.744,332.292,100.426,254.898,-1,-1,-1,-1
258,19,102.625,396.28,78.6874,184.591,-1,-1,-1,-1
258,21,180.243,389.547,93.9723,187.767,-1,-1,-1,-1
258,22,1002.66,331.738,96.0066,255.529,-1,-1,-1,-1
259,19,97.5821,393.658,78.7193,187.95,-1,-1,-1,-1
259,21,176.906,392.7,93.6407,183.908,-1,-1,-1,-1
259,22,1010.57,332.184,95.0131,256.345,-1,-1,-1,-1
260,19,93.2589,396.614,75.9702,182.104,-1,-1,-1,-1
260,21,171.948,393.581,95.2209,183.431,-1,-1,-1,-1
260,22,1018.49,332.631,95.538,255.769,-1,-1,-1,-1
261,19,89.0406,397.506,75.7476,181.656,-1,-1,-1,-1
261,21,169.463,394.523,93.7839,184.277,-1,-1,-1,-1
261,22,1025.4,333.077,98.2874,255.602,-1,-1,-1,-1
262,19,83.4037,404.943,81.3077,169.694,-1,-1,-1,-1
262,21,165.953,395.796,94.4793,180.099,-1,-1,-1,-1
262,23,1468.63,351.115,90.7446,234.948,-1,-1,-1,-1
262,24,1117.83,313.062,147.623,261.48,-1,-1,-1,-1
262,22,1033.31,333.523,97.0542,255.628,-1,-1,-1,-1
263,19,80.3326,405.785,81.5415,169.456,-1,-1,-1,-1
263,21,165.461,395.195,87.7792,177.784,-1,-1,-1,-1
263,23,1466.6,352.544,90.6652,233.563,-1,-1,-1,-1
263,24,1133.58,317.002,137.816,264.09,-1,-1,-1,-1
263,22,1042.23,333.969,96.3798,255.775,-1,-1,-1,-1
264,19,79.4776,406.72,80.2787,170.723,-1,-1,-1,-1
264,21,159.864,395.104,86.5229,176.521,-1,-1,-1,-1
264,23,1460.78,348.144,97.7526,244.78,-1,-1,-1,-1
264,24,1136.68,318.111,151.103,266.793,-1,-1,-1,-1
264,22,1050.14,334.415,96.4545,255.824,-1,-1,-1,-1
265,19,74.4301,403.946,82.152,175.294,-1,-1,-1,-1
265,21,153.857,392.435,86.1231,179.014,-1,-1,-1,-1
265,23,1457.16,352.868,100.166,235.837,-1,-1,-1,-1
265,24,1153.39,317.661,145.214,271.724,-1,-1,-1,-1
266,19,69.5042,403.254,83.2203,177.745,-1,-1,-1,-1
266,21,149.852,389.638,81.4991,183.161,-1,-1,-1,-1
266,23,1455.45,352.257,94.9458,236.41,-1,-1,-1,-1
266,24,1165.75,315.848,153.129,275.449,-1,-1,-1,-1
267,19,68.0861,403.471,78.597,177.344,-1,-1,-1,-1
267,21,147.966,389.458,74.649,181.25,-1,-1,-1,-1
267,23,1451.1,354.365,90.6506,229.608,-1,-1,-1,-1
267,24,1190.43,316.837,142.506,274.987,-1,-1,-1,-1
268,19,63.8533,405.121,78.6689,173.932,-1,-1,-1,-1
268,21,139.849,390.342,80.0264,181.227,-1,-1,-1,-1
268,23,1443.46,354.206,90.6995,230.025,-1,-1,-1,-1
268,24,1208.47,319.599,136.236,270.463,-1,-1,-1,-1
269,19,61.6648,407.666,74.4543,168.981,-1,-1,-1,-1
269,21,137.296,389.441,75.3917,184.202,-1,-1,-1,-1
269,23,1439,354.243,86.708,227.444,-1,-1,-1,-1
269,24,1228.1,317.69,139.386,271.389,-1,-1,-1,-1
270,19,60.8071,410.238,67.5069,162.705,-1,-1,-1,-1
270,21,134.244,391.742,76.0554,181.694,-1,-1,-1,-1
270,23,1438.42,366.478,71.5493,175.651,-1,-1,-1,-1
270,24,1241.32,316.522,144.971,276.44,-1,-1,-1,-1
271,19,56.3654,406.101,70.6951,168.074,-1,-1,-1,-1
271,21,130.154,392.711,77.9193,181.381,-1,-1,-1,-1
271,23,1420.57,362.569,82.5146,162.27,-1,-1,-1,-1
271,24,1262.6,316.652,97.7869,276.099,-1,-1,-1,-1
272,19,51.326,408.42,73.9689,164.136,-1,-1,-1,-1
272,21,123.108,397.402,85.1714,174.369,-1,-1,-1,-1
272,23,1411.72,335.548,84.4244,205,-1,-1,-1,-1
272,24,1259.88,313.803,142.336,283.524,-1,-1,-1,-1
273,19,43.0499,405.306,80.908,171.1,-1,-1,-1,-1
273,21,122.796,396.643,80.3358,176.298,-1,-1,-1,-1
273,23,1403.88,331.526,83.1792,200.078,-1,-1,-1,-1
273,24,1275.74,314.664,143.661,282.333,-1,-1,-1,-1
274,19,36.7191,404.921,83.122,174.487,-1,-1,-1,-1
274,21,120.957,395.097,78.4007,177.126,-1,-1,-1,-1
274,24,1295.08,317.11,133.628,277.957,-1,-1,-1,-1
274,23,1397.03,328.505,81.6751,194.089,-1,-1,-1,-1
275,19,30.5545,407.96,87.6033,170.635,-1,-1,-1,-1
275,21,117.849,393.382,77.4439,179.48,-1,-1,-1,-1
275,23,1390.19,325.484,80.6685,187.417,-1,-1,-1,-1
275,24,1311.11,310.028,150.283,280.052,-1,-1,-1,-1
276,19,24.5343,407.738,91.0384,172.532,-1,-1,-1,-1
276,21,117.059,394.466,74.7839,177.84,-1,-1,-1,-1
276,24,1323.79,309.92,159.74,273.696,-1,-1,-1,-1
276,23,1381.34,318.462,82.4924,189.771,-1,-1,-1,-1
277,19,20.7735,415.377,94.3013,160.099,-1,-1,-1,-1
277,21,113.77,400.767,73.0125,167.165,-1,-1,-1,-1
277,24,1342.81,310.432,161.537,270.628,-1,-1,-1,-1
277,23,1373.5,309.441,82.4879,195.271,-1,-1,-1,-1
278,19,21.4132,413.399,88.9502,163.009,-1,-1,-1,-1
278,21,113.493,399.14,68.1436,169.039,-1,-1,-1,-1
278,24,1365.72,303.506,169.561,273.326,-1,-1,-1,-1
278,23,1365.66,304.42,82.1006,193.325,-1,-1,-1,-1
279,19,20.0882,413.365,83.8801,164.096,-1,-1,-1,-1
279,21,109.036,399.374,68.9668,166.878,-1,-1,-1,-1
279,24,1379.12,301.54,164.22,281.75,-1,-1,-1,-1
279,23,1357.81,299.399,81.8849,191.974,-1,-1,-1,-1
280,19,17.2508,409.495,79.9159,168.051,-1,-1,-1,-1
280,21,101.425,395.414,76.1237,174.542,-1,-1,-1,-1
280,24,1394.86,305.56,158.686,270.835,-1,-1,-1,-1
281,19,12.3175,404.319,81.7172,174.137,-1,-1,-1,-1
281,21,98.2324,396.973,76.2084,174.925,-1,-1,-1,-1
281,24,1422.63,301.009,131.025,280.039,-1,-1,-1,-1
282,19,7.79815,401.672,81.1791,177.28,-1,-1,-1,-1
282,21,94.6601,397.046,77.0469,175.278,-1,-1,-1,-1
282,23,1327.56,352.274,83.2791,203.752,-1,-1,-1,-1
282,24,1426.75,298.97,140.691,286.015,-1,-1,-1,-1
283,19,6.71483,398.672,75.9464,182.388,-1,-1,-1,-1
283,21,93.1006,398.27,75.7545,173.762,-1,-1,-1,-1
283,23,1312.9,349.847,93.1575,227.897,-1,-1,-1,-1
283,24,1439.82,302.412,127.689,281.478,-1,-1,-1,-1
284,19,6.0381,397.685,70.1542,182.489,-1,-1,-1,-1
284,21,87.8669,399.424,82.525,174.417,-1,-1,-1,-1
284,23,1296.07,356.876,110.544,228.205,-1,-1,-1,-1
284,24,1454.09,299.392,112.471,296.333,-1,-1,-1,-1
285,19,2.88856,401.168,70.2324,175.63,-1,-1,-1,-1
285,21,85.0415,402.196,84.872,170.423,-1,-1,-1,-1
285,23,1274.14,360.025,135.148,236.311,-1,-1,-1,-1
285,24,1465.39,310.59,100.372,275.992,-1,-1,-1,-1
286,19,1.47367,404.963,67.1388,169.5,-1,-1,-1,-1
286,21,83.3548,403.247,84.7882,170.249,-1,-1,-1,-1
286,23,1266.14,365.973,136.937,232.791,-1,-1,-1,-1
286,24,1485.03,334.855,75.3407,203.96,-1,-1,-1,-1
287,19,0.810599,407.724,66.5336,165.648,-1,-1,-1,-1
287,21,80.2174,407.343,85.0606,164.614,-1,-1,-1,-1
287,23,1260.44,367.055,138.531,231.742,-1,-1,-1,-1
287,24,1497.49,320.773,64.5997,214.146,-1,-1,-1,-1
288,19,0.504651,408.694,64.5207,167.164,-1,-1,-1,-1
288,21,77.6452,405.153,84.7096,168.246,-1,-1,-1,-1
288,23,1257.13,371.938,136.299,223.422,-1,-1,-1,-1
288,24,1489.48,296.545,96.0945,254.382,-1,-1,-1,-1
289,19,-1.25932,411.604,65.2733,166.026,-1,-1,-1,-1
289,21,70.3144,408.044,90.6447,162.142,-1,-1,-1,-1
289,23,1257.35,366.666,125.44,232.464,-1,-1,-1,-1
289,24,1500.47,295.317,89.7756,248.963,-1,-1,-1,-1
290,19,-1.263,411.717,64.0587,167.396,-1,-1,-1,-1
290,21,73.8001,405.749,75.6321,163.374,-1,-1,-1,-1
290,23,1255.77,361.62,116.751,238.877,-1,-1,-1,-1
290,24,1510.46,295.089,85.2365,239.488,-1,-1,-1,-1
291,19,-0.432477,414.983,60.5716,162.023,-1,-1,-1,-1
291,21,71.2582,403.594,75.8413,166.359,-1,-1,-1,-1
291,23,1255.67,361.417,99.8652,232.102,-1,-1,-1,-1
291,24,1520.46,294.862,82.2094,232.188,-1,-1,-1,-1
292,19,0.115146,415.549,56.5275,160.369,-1,-1,-1,-1
292,21,70.1736,401.884,74.6435,165.965,-1,-1,-1,-1
292,23,1253.73,360.317,87.8286,231.588,-1,-1,-1,-1
293,19,-0.412761,413.118,53.1913,163.804,-1,-1,-1,-1
293,21,67.8293,400.022,73.1006,168.767,-1,-1,-1,-1
293,23,1247.95,358.591,84.1748,233.039,-1,-1,-1,-1
294,19,-1.14933,413.195,53.7928,163.714,-1,-1,-1,-1
294,21,65.6352,399.799,72.6828,168.79,-1,-1,-1,-1
294,23,1237.38,354.686,86.1804,237.565,-1,-1,-1,-1
295,19,2.13305,416.312,42.5757,154.426,-1,-1,-1,-1
295,21,61.0963,403.092,76.9499,164.95,-1,-1,-1,-1
295,23,1227.21,351.296,90.583,240.01,-1,-1,-1,-1
296,19,1.31596,413.22,37.6975,158.2,-1,-1,-1,-1
296,21,57.7018,403.646,77.5479,166.895,-1,-1,-1,-1
296,23,1215.07,357.764,100.178,230.507,-1,-1,-1,-1
297,19,-5.69221,411.638,48.757,160.103,-1,-1,-1,-1
297,21,51.8615,407.335,83.2965,160.642,-1,-1,-1,-1
297,23,1191.83,353.994,127.871,237.987,-1,-1,-1,-1
298,19,-7.70037,411.055,47.2029,160.049,-1,-1,-1,-1
298,21,49.8335,409.544,81.165,157.588,-1,-1,-1,-1
298,23,1174.61,357.658,139.775,231.486,-1,-1,-1,-1
299,19,-8.70853,410.473,46.0052,159.298,-1,-1,-1,-1
299,21,46.039,409.216,83.2809,158.747,-1,-1,-1,-1
299,23,1165.1,376.84,144.421,202.435,-1,-1,-1,-1
300,21,43.484,409.63,81.3728,156.23,-1,-1,-1,-1
300,23,1159.38,366.024,145.872,223.843,-1,-1,-1,-1
300,19,-9.7167,410.891,44.4476,158.415,-1,-1,-1,-1
301,21,41.6089,405.865,79.1592,161.364,-1,-1,-1,-1
301,23,1156.95,372.079,144.517,218.099,-1,-1,-1,-1
301,19,-11.7249,409.308,44.822,159.213,-1,-1,-1,-1
302,21,39.618,410.078,77.9166,153.068,-1,-1,-1,-1
302,23,1154.93,367.302,139.447,225.079,-1,-1,-1,-1
302,19,-14.733,408.726,46.2469,159.416,-1,-1,-1,-1
303,21,36.126,407.907,77.585,159.13,-1,-1,-1,-1
303,23,1161.27,375.183,115.593,213.962,-1,-1,-1,-1
303,19,-16.7412,408.143,45.7449,159.278,-1,-1,-1,-1
304,21,32.0426,410.049,80.8587,155.707,-1,-1,-1,-1
304,23,1162.11,374.498,98.9377,217.143,-1,-1,-1,-1
304,19,-18.7494,407.561,45.4533,159.124,-1,-1,-1,-1
305,21,31.98,403.387,72.7897,163.904,-1,-1,-1,-1
305,23,1157.21,374.828,88.0007,216.201,-1,-1,-1,-1
305,19,-20.7575,406.979,45.343,159.089,-1,-1,-1,-1
306,21,27.8959,400.724,72.1199,165.219,-1,-1,-1,-1
306,23,1151.48,364.715,82.1489,230.102,-1,-1,-1,-1
307,21,23.5962,398.87,73.7747,168.408,-1,-1,-1,-1
307,23,1144.56,361.255,79.926,230.182,-1,-1,-1,-1
308,21,19.4572,401.153,76.924,164.579,-1,-1,-1,-1
308,23,1135.81,359.093,81.5444,232.843,-1,-1,-1,-1
309,21,15.0296,399.214,78.7258,168.646,-1,-1,-1,-1
309,23,1127.87,359.852,81.2642,230.43,-1,-1,-1,-1
310,21,7.41957,400.16,88.7629,166.042,-1,-1,-1,-1
310,23,1117.33,362.8,92.2676,224.062,-1,-1,-1,-1
311,21,7.07676,402.91,84.7624,161.589,-1,-1,-1,-1
311,23,1112.59,365.368,94.7722,221.013,-1,-1,-1,-1
312,21,4.30175,406.183,86.9269,157.345,-1,-1,-1,-1
312,23,1107.21,370.584,99.4404,216.8,-1,-1,-1,-1
313,21,2.22027,413.551,85.8763,149.427,-1,-1,-1,-1
313,23,1106.72,372.787,96.1768,212.297,-1,-1,-1,-1
314,21,2.88122,415.421,79.3557,149.428,-1,-1,-1,-1
314,23,1103.27,372.14,98.2683,211.414,-1,-1,-1,-1
315,21,0.942252,414.995,79.5693,153.265,-1,-1,-1,-1
315,23,1099.47,372.318,95.325,212.41,-1,-1,-1,-1
316,21,2.80411,414.577,71.9891,154.591,-1,-1,-1,-1
316,23,1095.33,371.48,96.7965,214.787,-1,-1,-1,-1
317,21,3.7197,412.295,63.8744,156.42,-1,-1,-1,-1
317,23,1090.19,371.642,97.2014,213.542,-1,-1,-1,-1
318,21,4.13038,409.227,58.3134,159.238,-1,-1,-1,-1
318,23,1087.05,372.804,96.7536,212.89,-1,-1,-1,-1
319,21,1.94209,408.225,58.55,160.91,-1,-1,-1,-1
319,23,1082.91,371.965,96.869,213.008,-1,-1,-1,-1
320,21,-0.896895,409.232,59.743,157.009,-1,-1,-1,-1
320,23,1078.77,372.127,96.5891,213.327,-1,-1,-1,-1
321,21,-0.529895,413.638,56.5946,151.86,-1,-1,-1,-1
321,23,1074.63,372.289,96.8419,213.511,-1,-1,-1,-1
322,21,-1.63061,415.019,55.3357,149.359,-1,-1,-1,-1
322,23,1070.49,372.451,96.851,213.256,-1,-1,-1,-1
323,21,-2.16841,419.076,55.0233,143.928,-1,-1,-1,-1
323,23,1066.35,372.612,96.7809,213.198,-1,-1,-1,-1
324,21,-1.11221,415.4,51.1426,148.928,-1,-1,-1,-1
324,23,1062.21,372.774,96.7864,213.26,-1,-1,-1,-1
325,21,1.08985,424.205,45.0569,132.982,-1,-1,-1,-1
326,21,-1.3688,422.861,49.1487,135.077,-1,-1,-1,-1
327,21,0.265797,424.26,43.5154,131.567,-1,-1,-1,-1
328,21,0.719774,422.895,40.2289,132.653,-1,-1,-1,-1
329,21,-3.49251,420.547,45.8185,136.241,-1,-1,-1,-1
330,21,-3.70479,421.198,44.7537,133.704,-1,-1,-1,-1
330,25,969.019,374.291,77.9645,212.955,-1,-1,-1,-1
331,21,-4.91708,420.85,44.693,133.848,-1,-1,-1,-1
331,25,959.17,367.849,89.0381,221.345,-1,-1,-1,-1
332,25,957.385,367.215,82.5342,222.099,-1,-1,-1,-1
332,21,-6.12936,420.502,43.8019,133.603,-1,-1,-1,-1
333,25,953.045,365.996,76.9484,221.918,-1,-1,-1,-1
333,21,-7.34164,420.154,43.8592,134.01,-1,-1,-1,-1
334,25,944.694,363.404,79.317,226.284,-1,-1,-1,-1
334,21,-8.55393,419.805,44.5853,134.281,-1,-1,-1,-1
335,25,932.235,368.063,91.8528,218.023,-1,-1,-1,-1
335,21,-9.76621,419.457,44.3386,133.889,-1,-1,-1,-1
336,25,915.326,374.271,109.232,210.861,-1,-1,-1,-1
336,21,-10.9785,419.109,44.2556,133.926,-1,-1,-1,-1
337,25,902.915,377.822,119.908,205.248,-1,-1,-1,-1
337,21,-12.1908,418.76,44.1681,133.942,-1,-1,-1,-1
338,25,894.327,375.364,123.115,211.347,-1,-1,-1,-1
339,25,888.957,375.962,123.906,211.246,-1,-1,-1,-1
340,25,885.699,380.238,119.312,207.317,-1,-1,-1,-1
341,25,880.609,377.125,118.432,213.713,-1,-1,-1,-1
342,25,882.47,375.404,97.8953,213.276,-1,-1,-1,-1
343,25,880.312,373.47,86.5286,212.27,-1,-1,-1,-1
344,25,877.225,371.481,76.2681,216.558,-1,-1,-1,-1
345,25,869.552,367.282,77.6553,219.868,-1,-1,-1,-1
346,25,865.323,368.433,73.1201,218.514,-1,-1,-1,-1
347,25,864.362,368.435,68.3007,218.139,-1,-1,-1,-1
348,25,864.504,394.337,63.9734,179.537,-1,-1,-1,-1
349,25,862.423,411.575,67.8809,165.098,-1,-1,-1,-1
350,25,857.839,398.512,70.1861,200.231,-1,-1,-1,-1
351,25,855.255,404.45,68.6922,196.304,-1,-1,-1,-1
352,25,851.671,410.387,67.8067,191.862,-1,-1,-1,-1
353,25,848.087,417.324,67.7079,186.606,-1,-1,-1,-1
354,25,844.503,420.262,68.4547,188.02,-1,-1,-1,-1
355,25,840.919,422.199,68.5695,192.605,-1,-1,-1,-1
356,25,837.334,426.137,68.2462,191.079,-1,-1,-1,-1
357,25,833.75,431.074,68.157,190.035,-1,-1,-1,-1
358,25,830.166,435.011,68.2271,189.669,-1,-1,-1,-1
405,26,493.299,402.267,66.7708,187.74,-1,-1,-1,-1
406,26,488.08,411.265,72.8433,173.48,-1,-1,-1,-1
407,26,486.203,404.761,69.1063,185.349,-1,-1,-1,-1
408,26,481.853,396.387,72.6785,196.799,-1,-1,-1,-1
409,26,477.131,391.248,74.8823,200.306,-1,-1,-1,-1
410,26,473.02,388.751,72.0134,201.699,-1,-1,-1,-1
411,26,466.548,386.192,76.9801,206.063,-1,-1,-1,-1
412,26,451.767,397.255,96.5855,185.709,-1,-1,-1,-1
413,26,443.028,406.079,103.653,176.548,-1,-1,-1,-1
414,26,435.563,404.801,110.115,181.376,-1,-1,-1,-1
415,26,434.653,398.554,101.416,192.104,-1,-1,-1,-1
416,26,430.747,397.584,98.4825,193.054,-1,-1,-1,-1
417,26,423.527,399.615,99.0287,190.03,-1,-1,-1,-1
418,26,423.883,402.279,86.4174,186.802,-1,-1,-1,-1
419,26,419.576,397.988,80.0673,191.033,-1,-1,-1,-1
420,26,415.419,390.687,76.9884,202.672,-1,-1,-1,-1
421,26,409.746,389.833,73.0878,202.412,-1,-1,-1,-1
422,26,404.536,389.061,72.4619,201.473,-1,-1,-1,-1
423,26,398.426,391.514,74.0748,198.869,-1,-1,-1,-1
424,26,392.324,392.578,78.1239,198.654,-1,-1,-1,-1
425,26,385.752,396.117,84.5606,191.934,-1,-1,-1,-1
426,26,378.213,390.734,91.2556,202.083,-1,-1,-1,-1
427,26,373.714,394.521,94.628,196.676,-1,-1,-1,-1
428,26,368.399,402.827,98.8802,185.626,-1,-1,-1,-1
429,26,365.428,403.371,96.0364,185.848,-1,-1,-1,-1
430,26,362.292,396.18,93.3928,195.318,-1,-1,-1,-1
431,26,363.583,393.689,83.8561,197.042,-1,-1,-1,-1
432,26,358.374,390.937,83.5944,198.361,-1,-1,-1,-1
433,26,355.525,397.798,78.1633,184.097,-1,-1,-1,-1
434,26,352.293,396.146,73.758,186.132,-1,-1,-1,-1
435,26,351.152,391.005,65.3062,195.794,-1,-1,-1,-1
436,26,345.784,387.65,67.0677,201.172,-1,-1,-1,-1
437,26,342.039,392.28,67.7836,194.06,-1,-1,-1,-1
438,26,331.489,395.153,79.0853,190.462,-1,-1,-1,-1
439,26,323.905,394.097,85.4709,191.496,-1,-1,-1,-1
440,26,315.405,396.364,94.0219,189.508,-1,-1,-1,-1
441,26,308.163,399.179,101.254,186.889,-1,-1,-1,-1
442,26,304.852,400.88,101.893,185.963,-1,-1,-1,-1
443,26,303.127,404.951,100.137,182.2,-1,-1,-1,-1
444,26,301.768,403.836,93.0027,185.483,-1,-1,-1,-1
445,26,305.488,408.01,76.4254,178.146,-1,-1,-1,-1
446,26,300.511,406.261,75.544,181.284,-1,-1,-1,-1
447,26,296.361,407.191,72.7715,181.831,-1,-1,-1,-1
448,26,292.262,408.864,67.4545,179.27,-1,-1,-1,-1
449,26,285.315,413.517,72.4504,171.975,-1,-1,-1,-1
450,26,280.645,408.786,74.9155,180.066,-1,-1,-1,-1
451,26,272.932,407.823,82.9222,181.188,-1,-1,-1,-1
452,26,264.783,409.335,91.4404,178.066,-1,-1,-1,-1
453,26,263.137,411.357,89.1246,173.997,-1,-1,-1,-1
454,26,259.299,411.471,92.1685,174.343,-1,-1,-1,-1
455,26,257.744,409.919,88.4697,176.138,-1,-1,-1,-1
456,26,256.114,411.105,84.4341,173.685,-1,-1,-1,-1
457,26,253.198,408.411,82.9423,176.558,-1,-1,-1,-1
458,26,249.799,405.164,79.2527,180.049,-1,-1,-1,-1
459,26,248.479,403.361,74.3886,181.888,-1,-1,-1,-1
460,26,243.447,404.22,76.1133,177.97,-1,-1,-1,-1
461,26,241.285,401.176,72.5514,182.725,-1,-1,-1,-1
462,26,239.644,401.992,68.6235,180.05,-1,-1,-1,-1
463,26,234.976,401.165,70.9124,182.739,-1,-1,-1,-1
464,26,228.814,403.942,75.0621,178.892,-1,-1,-1,-1
465,26,219.665,404.354,88.4164,178.483,-1,-1,-1,-1
466,26,217.199,405.629,86.21,178.51,-1,-1,-1,-1
467,26,212.903,409.704,87.9512,174.362,-1,-1,-1,-1
468,26,214.402,403.992,77.9839,183.718,-1,-1,-1,-1
469,26,210.124,407.038,79.4355,178.717,-1,-1,-1,-1
470,26,206.686,405.579,77.8217,179.775,-1,-1,-1,-1
471,26,207.214,410.407,68.3798,172.488,-1,-1,-1,-1
472,26,206.309,411.418,62.832,170.991,-1,-1,-1,-1
473,26,201.948,407.306,64.6726,175.128,-1,-1,-1,-1
474,26,195.999,408.337,67.202,170.872,-1,-1,-1,-1
475,26,189.57,406.325,73.4181,172.222,-1,-1,-1,-1
476,26,183.305,406.582,80.3389,171.139,-1,-1,-1,-1
477,26,182.174,407.072,76.316,173.966,-1,-1,-1,-1
478,26,179.022,413.671,75.0354,162.769,-1,-1,-1,-1
479,26,176.925,410.578,74.7454,169.194,-1,-1,-1,-1
480,26,173.729,411.929,76.7099,170.136,-1,-1,-1,-1
481,26,170.954,411.383,77.3576,170.053,-1,-1,-1,-1
482,26,169.128,409.803,75.1152,172.551,-1,-1,-1,-1
483,26,166.434,406.75,76.2749,175.104,-1,-1,-1,-1
484,26,165.398,406.449,72.9709,173.028,-1,-1,-1,-1
485,26,161.042,405.001,74.093,174.421,-1,-1,-1,-1
486,26,158.888,405.787,71.7236,172.689,-1,-1,-1,-1
487,26,157.944,405.889,68.9953,174.32,-1,-1,-1,-1
488,26,152.473,404.996,72.6082,176.934,-1,-1,-1,-1
489,26,149.853,406.014,70.8791,175.052,-1,-1,-1,-1
490,26,141.054,410.05,82.0016,168.779,-1,-1,-1,-1
491,26,136.105,411.693,86.0992,166.559,-1,-1,-1,-1
492,26,135.037,414.943,81.0753,161.579,-1,-1,-1,-1
493,26,133.825,413.626,77.1659,166.63,-1,-1,-1,-1
494,26,133.297,414.144,72.9164,165.197,-1,-1,-1,-1
495,26,128.723,414.235,73.3396,164.876,-1,-1,-1,-1
496,26,125.158,410.606,72.1476,170.006,-1,-1,-1,-1
497,26,123.897,414.018,65.5153,164.408,-1,-1,-1,-1
498,26,119.908,413.657,66.254,165.561,-1,-1,-1,-1
499,26,117.312,413.321,63.3975,164.471,-1,-1,-1,-1
500,26,114.56,412.229,63.6088,164.62,-1,-1,-1,-1
501,26,110.462,412.163,66.8716,164.987,-1,-1,-1,-1
502,26,104.776,412.409,71.0549,164.419,-1,-1,-1,-1
503,26,102.803,415.017,71.8563,161.977,-1,-1,-1,-1
504,26,100.231,414.256,73.5805,164.036,-1,-1,-1,-1
505,26,95.6501,417.319,80.6446,160.956,-1,-1,-1,-1
506,26,95.5216,416.845,76.4241,162.156,-1,-1,-1,-1
507,26,92.7909,415.312,76.9076,163.745,-1,-1,-1,-1
508,26,91.6129,414.482,72.2313,165.131,-1,-1,-1,-1
509,26,88.6454,413.598,72.0581,166.637,-1,-1,-1,-1
510,26,86.2604,412.381,70.3709,165.176,-1,-1,-1,-1
511,26,85.1904,412.24,65.4254,163.374,-1,-1,-1,-1
512,26,84.6762,410.343,61.8752,166.512,-1,-1,-1,-1
513,26,80.8866,411.3,64.9055,164.465,-1,-1,-1,-1
514,26,76.9055,410.743,66.4163,164.849,-1,-1,-1,-1
515,26,71.326,412.733,70.8043,159.336,-1,-1,-1,-1
516,26,66.2103,413.05,74.3098,159.864,-1,-1,-1,-1
517,26,60.3083,414.517,79.8482,160.874,-1,-1,-1,-1
518,26,56.3578,418.678,81.0173,155.94,-1,-1,-1,-1
519,26,54.3431,419.173,82.7561,156.061,-1,-1,-1,-1
520,26,52.6432,418.736,82.9982,157.017,-1,-1,-1,-1
521,26,57.2067,416.163,68.4288,161.279,-1,-1,-1,-1
522,26,52.5352,412.857,69.6248,167.06,-1,-1,-1,-1
523,26,48.0309,414.699,69.7813,162.439,-1,-1,-1,-1
524,26,40.7108,412.397,76.2932,163.385,-1,-1,-1,-1
525,26,35.2679,412.219,77.7032,163.942,-1,-1,-1,-1
526,26,31.8856,411.385,78.8617,163.687,-1,-1,-1,-1
527,26,29.7912,410.282,75.6784,165.858,-1,-1,-1,-1
528,26,28.1341,414.43,73.1957,157.059,-1,-1,-1,-1
529,26,25.3499,416.648,75.4273,155.945,-1,-1,-1,-1
530,26,23.5441,415.05,76.7914,159.536,-1,-1,-1,-1
531,26,23.1959,416.882,74.4214,157.276,-1,-1,-1,-1
532,26,24.1382,417.039,70.704,157.016,-1,-1,-1,-1
533,26,22.9443,419.035,70.0861,153.383,-1,-1,-1,-1
534,26,20.4319,418.688,70.0623,153.71,-1,-1,-1,-1
535,26,19.0597,415.174,67.9589,159.017,-1,-1,-1,-1
536,26,13.724,412.209,71.0804,163.418,-1,-1,-1,-1
537,26,13.2739,410.337,66.0326,166.622,-1,-1,-1,-1
538,26,10.5822,410.297,63.9694,164.774,-1,-1,-1,-1
539,26,9.554,411.03,60.3063,162.197,-1,-1,-1,-1
540,26,7.15447,414.97,59.196,156.436,-1,-1,-1,-1
541,26,5.37745,411.546,62.0729,162.711,-1,-1,-1,-1
542,26,5.07151,415.879,60.3711,155.204,-1,-1,-1,-1
543,26,3.92168,417.133,59.065,156.998,-1,-1,-1,-1
544,26,3.59087,419.767,58.2949,154.518,-1,-1,-1,-1
545,26,4.34228,419.376,53.8436,155.993,-1,-1,-1,-1
546,26,3.71899,419.14,52.3642,155.56,-1,-1,-1,-1
547,26,1.02194,422.655,51.0121,151.891,-1,-1,-1,-1
548,26,0.756099,422.657,48.4801,152.602,-1,-1,-1,-1
549,26,0.652865,422.35,44.9854,151.317,-1,-1,-1,-1
550,26,-0.837329,426.229,43.7041,143.896,-1,-1,-1,-1
551,26,-0.765761,424.31,42.9432,148,-1,-1,-1,-1
552,26,-1.84025,426.136,44.3558,145.403,-1,-1,-1,-1
553,26,-2.46642,432.461,45.1687,135.779,-1,-1,-1,-1
554,26,-2.22327,429.078,44.2314,144.879,-1,-1,-1,-1
555,26,-2.98012,429.696,44.0806,143.591,-1,-1,-1,-1
556,26,-0.664585,439.811,39.6979,128.376,-1,-1,-1,-1
557,26,-1.26707,436.332,41.1706,132.238,-1,-1,-1,-1
558,26,2.45602,439.389,30.258,125.192,-1,-1,-1,-1
559,26,-3.33979,435.7,39.8877,134.855,-1,-1,-1,-1
560,26,-4.1356,437.011,39.019,132.851,-1,-1,-1,-1
561,26,-3.9314,438.321,38.0066,130.702,-1,-1,-1,-1
562,26,-4.72721,437.632,37.6684,131.168,-1,-1,-1,-1
563,26,-4.52302,438.942,36.9679,130.954,-1,-1,-1,-1
564,26,-6.31883,438.253,38.3099,132.106,-1,-1,-1,-1
565,26,-7.11463,438.563,37.9944,131.556,-1,-1,-1,-1
566,26,-7.91044,438.874,37.7895,131.297,-1,-1,-1,-1
638,27,-0.4328,391.872,49.1344,185.962,-1,-1,-1,-1
639,27,1.76528,389.496,48.7921,190.152,-1,-1,-1,-1
640,27,1.51396,385.215,47.3911,195.36,-1,-1,-1,-1
641,27,1.34206,385.192,47.9326,193.622,-1,-1,-1,-1
642,27,0.203069,383.286,52.7979,201.507,-1,-1,-1,-1
643,27,0.61823,384.068,54.2508,201.165,-1,-1,-1,-1
644,27,0.148108,386.644,57.7899,197.349,-1,-1,-1,-1
645,27,-1.56583,384.859,65.9946,201.133,-1,-1,-1,-1
646,27,-3.0537,384.303,75.3816,200.791,-1,-1,-1,-1
647,27,-0.743813,386.058,75.3341,196.289,-1,-1,-1,-1
648,27,0.25023,383.421,78.2664,199.993,-1,-1,-1,-1
649,27,0.752124,383.64,80.0427,200.496,-1,-1,-1,-1
650,27,0.225486,382.214,83.3174,201.498,-1,-1,-1,-1
651,27,1.29479,379.985,84.7072,206.906,-1,-1,-1,-1
652,27,3.23274,381.625,82.0743,204.814,-1,-1,-1,-1
653,27,1.26161,378.699,89.0785,207.802,-1,-1,-1,-1
654,27,2.88533,373.083,92.2601,217.38,-1,-1,-1,-1
655,27,3.89,372.649,93.0068,218.28,-1,-1,-1,-1
656,27,5.2204,372.397,96.5887,217.045,-1,-1,-1,-1
657,27,5.94286,371.944,97.4926,217.909,-1,-1,-1,-1
658,27,8.46166,372.079,95.0496,217.758,-1,-1,-1,-1
659,27,9.38268,370.583,95.1491,221.945,-1,-1,-1,-1
660,27,12.6058,373.149,92.7935,219.052,-1,-1,-1,-1
661,27,12.9892,373.712,92.5233,220.149,-1,-1,-1,-1
662,27,14.4614,374.531,91.1949,220.665,-1,-1,-1,-1
663,27,16.9387,374.804,89.9844,220.913,-1,-1,-1,-1
664,27,19.8374,374.312,85.9893,221.244,-1,-1,-1,-1
665,27,20.4526,373.772,86.1984,221.983,-1,-1,-1,-1
666,27,21.972,372.877,84.0118,221.296,-1,-1,-1,-1
667,27,23.536,374.632,82.6711,218.122,-1,-1,-1,-1
668,27,23.9235,368.718,81.2228,227.359,-1,-1,-1,-1
669,27,23.9221,367.353,83.1093,229.952,-1,-1,-1,-1
670,27,25.7819,369.435,84.4285,226.442,-1,-1,-1,-1
671,27,25.6626,368.251,87.5714,227.68,-1,-1,-1,-1
672,27,28.0939,370.609,90.6047,224.052,-1,-1,-1,-1
673,27,33.6565,372.398,87.1313,221.961,-1,-1,-1,-1
674,27,41.2568,370.801,82.6769,227.336,-1,-1,-1,-1
675,27,43.8902,373.031,83.3088,224.793,-1,-1,-1,-1
676,27,47.6721,372.603,84.6461,223.766,-1,-1,-1,-1
677,27,53.5901,371.825,79.4072,225.15,-1,-1,-1,-1
678,27,52.6504,373.713,89.1835,220.301,-1,-1,-1,-1
679,27,55.3832,372.516,91.5335,219.95,-1,-1,-1,-1
680,27,56.5342,374.439,97.4436,215.472,-1,-1,-1,-1
681,27,63.8758,375.088,91.6274,216.799,-1,-1,-1,-1
681,28,4.95083,381.928,67.5338,213.982,-1,-1,-1,-1
682,27,63.7031,370.44,97.0791,226.396,-1,-1,-1,-1
682,28,3.43075,381.202,71.4034,207.184,-1,-1,-1,-1
683,27,65.8776,371.2,97.4119,226.029,-1,-1,-1,-1
683,28,1.94213,379.647,73.497,207.447,-1,-1,-1,-1
684,27,68.0783,371.734,97.0635,226.764,-1,-1,-1,-1
684,28,2.56843,380.714,72.8112,202.057,-1,-1,-1,-1
685,27,66.7535,367.104,101.028,234.182,-1,-1,-1,-1
685,28,2.87361,377.044,69.371,206.836,-1,-1,-1,-1
686,27,70.9623,369.224,98.2089,229.033,-1,-1,-1,-1
686,28,2.4373,374.677,73.596,208.009,-1,-1,-1,-1
687,27,76.6303,369.384,92.2962,230.805,-1,-1,-1,-1
687,28,1.93369,370.912,79.5628,214.887,-1,-1,-1,-1
688,27,83.4874,369.615,84.1117,229.258,-1,-1,-1,-1
688,28,3.2892,375.307,85.0725,204.26,-1,-1,-1,-1
689,27,84.3879,367.356,83.7271,234.738,-1,-1,-1,-1
689,28,7.76808,371.577,86.4619,211.636,-1,-1,-1,-1
690,27,84.8391,367.543,85.4503,232.902,-1,-1,-1,-1
690,28,11.3361,372.096,84.9122,212.91,-1,-1,-1,-1
690,29,1354.25,317.411,155.869,235.581,-1,-1,-1,-1
691,27,83.6961,366.26,91.4722,233.567,-1,-1,-1,-1
691,28,11.2143,365.879,89.0058,229.811,-1,-1,-1,-1
691,29,1334.54,315.825,158.718,244.471,-1,-1,-1,-1
692,27,86.7536,367.539,90.0351,231.699,-1,-1,-1,-1
692,28,12.3298,368.643,92.3562,232.237,-1,-1,-1,-1
692,29,1311.9,318.68,157.6,246.921,-1,-1,-1,-1
693,27,89.759,370.5,87.6489,227.172,-1,-1,-1,-1
693,28,12.8031,371.752,93.558,231.456,-1,-1,-1,-1
693,29,1287.02,322.665,159.623,240.484,-1,-1,-1,-1
694,27,95.1723,369.118,83.3594,230.613,-1,-1,-1,-1
694,28,13.0198,378.702,95.5074,217.699,-1,-1,-1,-1
694,29,1262.8,324.433,158.515,235.693,-1,-1,-1,-1
695,27,97.2255,369.275,86.1616,227.542,-1,-1,-1,-1
695,28,14.8697,377.465,93.5001,218.771,-1,-1,-1,-1
695,29,1239.16,325.88,158.41,233.612,-1,-1,-1,-1
696,27,102.303,369.355,82.5284,225.506,-1,-1,-1,-1
696,28,14.5827,378.399,95.7201,214.525,-1,-1,-1,-1
696,29,1216.31,328.738,156.126,230.888,-1,-1,-1,-1
697,27,105.189,366.231,82.1035,229.268,-1,-1,-1,-1
697,28,16.7024,378.987,94.1358,211.374,-1,-1,-1,-1
697,29,1192.37,326.612,158.42,237.789,-1,-1,-1,-1
698,27,106.933,364.591,84.1439,230.955,-1,-1,-1,-1
698,28,19.1261,375.866,91.2459,217.106,-1,-1,-1,-1
698,29,1175.21,325.753,146.486,239.457,-1,-1,-1,-1
699,27,109.367,365.837,84.1056,227.063,-1,-1,-1,-1
699,28,20.7216,374.362,92.7274,224.989,-1,-1,-1,-1
699,29,1156.84,329.088,141.44,237.295,-1,-1,-1,-1
700,27,111.17,364.852,84.9946,230.666,-1,-1,-1,-1
700,28,26.1384,376.837,86.0798,220.598,-1,-1,-1,-1
700,29,1139.57,331.601,135.179,235.328,-1,-1,-1,-1
701,27,111.781,364.734,85.194,232.048,-1,-1,-1,-1
701,28,32.3719,376.792,82.5153,221.73,-1,-1,-1,-1
701,29,1118.48,328.694,137.123,241.409,-1,-1,-1,-1
702,27,113.46,362.597,85.1024,237.354,-1,-1,-1,-1
702,28,36.5685,377.244,81.8468,224.108,-1,-1,-1,-1
702,29,1113.1,331.666,116.528,240.012,-1,-1,-1,-1
703,27,115.101,370.122,86.6838,223.349,-1,-1,-1,-1
703,28,38.1932,377.801,83.5706,224.867,-1,-1,-1,-1
703,29,1107.66,335.426,96.0012,237.004,-1,-1,-1,-1
704,27,116.131,364.749,87.2271,231,-1,-1,-1,-1
704,28,43.1297,376.208,79.3095,225.647,-1,-1,-1,-1
704,29,1106.25,358.749,71.0828,194.536,-1,-1,-1,-1
705,27,121.286,363.414,83.581,231.065,-1,-1,-1,-1
705,28,47.0742,375.069,78.4683,225.079,-1,-1,-1,-1
705,29,1069.01,342.322,111.183,229.658,-1,-1,-1,-1
706,27,124.279,366.102,86.6194,228.311,-1,-1,-1,-1
706,28,47.4983,371.575,80.3922,229.852,-1,-1,-1,-1
706,29,1054.77,344.895,106.384,228.524,-1,-1,-1,-1
707,27,129.29,367.598,82.6548,225.085,-1,-1,-1,-1
707,28,49.1135,371.548,80.9663,229.152,-1,-1,-1,-1
707,29,1040.54,347.468,100.236,225.947,-1,-1,-1,-1
708,27,129.697,365.509,87.8471,229.501,-1,-1,-1,-1
708,28,50.8139,370.559,80.5438,234.571,-1,-1,-1,-1
708,29,1025.3,350.041,96.9772,223.134,-1,-1,-1,-1
709,27,134.353,366.938,86.48,227.35,-1,-1,-1,-1
709,28,51.353,373.662,82.1179,229.344,-1,-1,-1,-1
709,29,1007.06,353.614,97.1724,220.36,-1,-1,-1,-1
710,27,140.227,367.048,80.4433,229.836,-1,-1,-1,-1
710,28,50.4171,372.555,86.0352,229.067,-1,-1,-1,-1
710,29,987.82,352.187,102.39,225.524,-1,-1,-1,-1
711,27,140.158,365.906,84.7697,232.956,-1,-1,-1,-1
711,28,47.4177,365.85,93.8708,240.531,-1,-1,-1,-1
711,29,971.581,354.76,100.632,224.698,-1,-1,-1,-1
712,27,140.494,363.773,87.6518,235.299,-1,-1,-1,-1
712,28,47.1983,365.004,98.1868,240.604,-1,-1,-1,-1
712,30,898.702,345.435,122.717,219.235,-1,-1,-1,-1
712,29,954.343,356.333,99.4815,223.932,-1,-1,-1,-1
713,27,143.833,368.311,85.5854,228.399,-1,-1,-1,-1
713,28,49.7447,364.475,97.8954,242.43,-1,-1,-1,-1
713,30,880.35,345.145,126.716,228.544,-1,-1,-1,-1
714,27,144.626,364.096,89.1502,236.471,-1,-1,-1,-1
714,28,50.4464,362.622,102.233,249.16,-1,-1,-1,-1
714,30,872.945,348.464,109.555,222.479,-1,-1,-1,-1
715,27,145.309,368.328,96.2651,228.989,-1,-1,-1,-1
715,28,51.0935,364.364,107.794,247.981,-1,-1,-1,-1
715,30,866.923,347.668,94.4281,224.988,-1,-1,-1,-1
716,27,145.982,365.958,102.526,231.673,-1,-1,-1,-1
716,28,57.3189,369.505,102.72,234.984,-1,-1,-1,-1
716,30,862.388,359.001,79.594,199.868,-1,-1,-1,-1
717,27,145.212,363.953,109.351,233.007,-1,-1,-1,-1
717,28,62.2507,370,95.9388,226.267,-1,-1,-1,-1
717,30,835.211,349.394,106.602,219.023,-1,-1,-1,-1
718,27,149.773,361.737,107.363,235.913,-1,-1,-1,-1
718,28,66.587,366.896,92.7348,228.074,-1,-1,-1,-1
718,30,822.035,350.787,103.379,218.98,-1,-1,-1,-1
719,27,153.021,361.745,107.095,235.61,-1,-1,-1,-1
719,28,65.7908,371.71,98.4765,218.007,-1,-1,-1,-1
719,30,810.858,351.18,98.7116,217.068,-1,-1,-1,-1
720,27,158.88,363.082,103.199,233.026,-1,-1,-1,-1
720,28,67.4889,370.15,99.8997,222.277,-1,-1,-1,-1
720,30,797.682,352.573,96.543,215.985,-1,-1,-1,-1
721,27,165.212,366.344,97.9276,229.598,-1,-1,-1,-1
721,28,72.6593,373.797,95.979,216.021,-1,-1,-1,-1
721,30,783.505,353.966,96.9659,214.185,-1,-1,-1,-1
722,27,169.642,363.85,94.6714,236.805,-1,-1,-1,-1
722,28,76.3186,372.692,95.7245,218.381,-1,-1,-1,-1
722,30,767.329,352.359,100.44,217.048,-1,-1,-1,-1
723,27,173.586,364.487,91.175,234.821,-1,-1,-1,-1
723,28,77.3547,370.112,105.402,226.401,-1,-1,-1,-1
723,30,753.152,353.752,99.208,216.653,-1,-1,-1,-1
724,27,176.374,362.501,92.4713,237.119,-1,-1,-1,-1
724,28,86.1536,367.947,99.5322,231.238,-1,-1,-1,-1
725,27,178.723,363.937,91.5901,237.69,-1,-1,-1,-1
725,28,92.5387,364.638,98.7243,240.145,-1,-1,-1,-1
726,27,182.561,364.038,89.8221,235,-1,-1,-1,-1
726,28,99.3109,366.607,93.9377,236.54,-1,-1,-1,-1
727,27,186.928,362.273,85.7789,237.842,-1,-1,-1,-1
727,28,104.641,366.042,90.6938,236.469,-1,-1,-1,-1
728,27,191.471,363.58,82.5742,236.439,-1,-1,-1,-1
728,28,106.519,361.972,91.826,246.723,-1,-1,-1,-1
729,27,195.945,361.983,78.9524,240.055,-1,-1,-1,-1
729,28,111.773,363.336,85.5276,245.742,-1,-1,-1,-1
730,27,196.454,363.481,82.2526,238.254,-1,-1,-1,-1
730,28,113.697,366.581,86.4206,242.197,-1,-1,-1,-1
731,27,197.589,364.751,83.9632,236.435,-1,-1,-1,-1
731,28,117.849,370.143,82.5235,233.761,-1,-1,-1,-1
732,27,198.629,363.389,83.6938,240.141,-1,-1,-1,-1
732,28,118.005,366.183,85.2971,246.628,-1,-1,-1,-1
733,27,200.019,363.103,83.4685,239.335,-1,-1,-1,-1
733,28,121.025,365.999,85.8534,249.279,-1,-1,-1,-1
734,27,200.934,361.587,83.3623,241.976,-1,-1,-1,-1
734,28,124.915,367.12,83.6435,246.239,-1,-1,-1,-1
735,27,200.763,361.18,86.7243,240.408,-1,-1,-1,-1
735,28,127.788,366.779,84.974,246.323,-1,-1,-1,-1
736,27,199.862,360.093,89.8956,242.295,-1,-1,-1,-1
736,28,131.896,364.104,80.0913,250.169,-1,-1,-1,-1
737,27,200.928,361.31,92.4857,241.798,-1,-1,-1,-1
737,28,135.56,367.326,76.0981,241.876,-1,-1,-1,-1
738,27,200.578,363.34,99.4926,241.002,-1,-1,-1,-1
738,28,139.044,364.661,74.7248,247.445,-1,-1,-1,-1
739,27,203.931,362.686,100.073,246.093,-1,-1,-1,-1
739,28,141.113,363.45,74.9313,250.517,-1,-1,-1,-1
740,27,214.243,363.359,88.46,245.145,-1,-1,-1,-1
740,28,140.781,366.54,77.9308,242.021,-1,-1,-1,-1
740,31,425.182,371.16,112.14,199.852,-1,-1,-1,-1
741,27,219.591,364.634,86.8829,244.059,-1,-1,-1,-1
741,28,141.925,366.296,79.0146,240.165,-1,-1,-1,-1
741,31,409.809,369.967,118.663,203.835,-1,-1,-1,-1
742,27,224.6,364.563,82.8126,244.537,-1,-1,-1,-1
742,28,145.738,367.106,77.7897,240.136,-1,-1,-1,-1
742,31,398.267,371.179,115.139,197.818,-1,-1,-1,-1
743,27,226.946,363.263,81.484,246.375,-1,-1,-1,-1
743,28,148.568,363.449,80.503,248.59,-1,-1,-1,-1
743,31,387.377,369.648,111.209,199.953,-1,-1,-1,-1
744,27,229.122,362.173,79.5816,247.215,-1,-1,-1,-1
744,28,153.227,363.528,75.5691,245.54,-1,-1,-1,-1
744,31,373.348,370.776,111.87,197.422,-1,-1,-1,-1
745,27,229.998,364.354,79.8456,243.785,-1,-1,-1,-1
745,28,156.003,361.974,76.2767,249.749,-1,-1,-1,-1
745,31,356.861,371.741,116.792,195.301,-1,-1,-1,-1
746,27,230.839,362.737,79.8133,245.955,-1,-1,-1,-1
746,28,159.751,365.196,76.7879,244.919,-1,-1,-1,-1
746,31,343.762,379.163,114.716,183.802,-1,-1,-1,-1
747,27,231.455,363.202,79.775,242.603,-1,-1,-1,-1
747,28,162.339,364.12,75.4299,241.264,-1,-1,-1,-1
747,31,330.612,378.333,112.27,186.356,-1,-1,-1,-1
748,27,232.856,362.304,81.3732,241.43,-1,-1,-1,-1
748,28,162.096,360.422,81.7223,248.04,-1,-1,-1,-1
748,31,326.768,379.197,98.963,186.881,-1,-1,-1,-1
749,27,236.031,359.555,81.9301,243.686,-1,-1,-1,-1
749,28,162.93,362.473,85.9207,240.906,-1,-1,-1,-1
749,31,315.884,378.953,100.4,187.228,-1,-1,-1,-1
750,27,238.368,356.798,84.5184,248.691,-1,-1,-1,-1
750,28,164.596,361.688,88.1902,240.465,-1,-1,-1,-1
750,31,313.539,382.949,86.0549,184.604,-1,-1,-1,-1
751,27,240.288,355.314,85.5761,250.408,-1,-1,-1,-1
751,28,164.444,359.557,92.7228,241.294,-1,-1,-1,-1
751,31,305.437,382.621,83.5762,180.405,-1,-1,-1,-1
752,27,246.209,365.993,86.4877,230.016,-1,-1,-1,-1
752,28,168.675,359.197,88.8314,242.55,-1,-1,-1,-1
752,31,304.132,382.701,70.9747,182.078,-1,-1,-1,-1
753,27,247.417,363.376,107.764,236.315,-1,-1,-1,-1
753,28,167.947,359.755,98.313,241.701,-1,-1,-1,-1
753,31,285.124,382.06,87.9938,184.239,-1,-1,-1,-1
754,27,254.362,358.062,103.208,249.964,-1,-1,-1,-1
754,28,175.564,363.48,91.1129,237.212,-1,-1,-1,-1
754,31,276.117,382.419,85.7999,183.711,-1,-1,-1,-1
755,27,257.237,359.16,100.622,250.386,-1,-1,-1,-1
755,28,178.721,365.63,91.9703,235.327,-1,-1,-1,-1
755,31,268.109,382.778,82.8799,183.007,-1,-1,-1,-1
756,27,259.586,358.542,95.0224,250.224,-1,-1,-1,-1
756,28,183.56,366.011,91.8759,236.439,-1,-1,-1,-1
756,31,258.101,384.137,82.2449,182.688,-1,-1,-1,-1
757,27,265.167,357.971,87.5057,250.998,-1,-1,-1,-1
757,28,190.825,365.691,84.9575,233.76,-1,-1,-1,-1
757,31,248.094,383.496,81.9786,183.145,-1,-1,-1,-1
758,27,267.578,356.615,85.9084,249.603,-1,-1,-1,-1
758,28,192.163,366.66,87.3073,226.312,-1,-1,-1,-1
758,31,237.086,383.855,84.1794,183.358,-1,-1,-1,-1
759,27,270.759,356.193,86.9908,249.829,-1,-1,-1,-1
759,28,190.853,362.685,93.1777,229.902,-1,-1,-1,-1
759,31,227.078,384.214,83.4165,183.182,-1,-1,-1,-1
760,27,275.001,356.505,86.397,250.449,-1,-1,-1,-1
760,28,187.71,360.263,101.017,234.778,-1,-1,-1,-1
760,31,218.071,384.573,82.9399,183.076,-1,-1,-1,-1
761,27,279.904,356.023,84.897,251.816,-1,-1,-1,-1
761,28,184.301,363.698,111.353,225.899,-1,-1,-1,-1
761,31,208.063,384.932,82.9519,183.09,-1,-1,-1,-1
762,27,281.24,356.549,87.3293,251.964,-1,-1,-1,-1
762,28,183.327,366.489,113.159,216.273,-1,-1,-1,-1
763,27,281.847,354.69,91.7403,258.117,-1,-1,-1,-1
763,28,176.421,376.024,119.927,196.229,-1,-1,-1,-1
764,27,281.011,354.746,99.621,255.134,-1,-1,-1,-1
764,28,163.378,359.785,144.033,230.989,-1,-1,-1,-1
765,27,282.621,355.095,103.423,253.659,-1,-1,-1,-1
765,28,201.141,355.837,88.0607,250.799,-1,-1,-1,-1
766,27,285.332,355.898,104.738,252.883,-1,-1,-1,-1
766,28,215.644,362.607,78.0844,240.419,-1,-1,-1,-1
766,31,138.458,385.681,88.1532,166.461,-1,-1,-1,-1
767,27,286.689,355.66,107.931,249.511,-1,-1,-1,-1
767,28,221.405,360.748,79.3705,245.175,-1,-1,-1,-1
767,31,131.448,388.125,86.158,162.656,-1,-1,-1,-1
768,27,291.026,352.69,100.969,254.9,-1,-1,-1,-1
768,28,230.152,367.047,71.3752,225.804,-1,-1,-1,-1
768,31,123.172,391.165,86.7663,154.734,-1,-1,-1,-1
769,27,287.1,352.638,116.038,255.998,-1,-1,-1,-1
769,28,235.392,362.868,67.5665,235.653,-1,-1,-1,-1
769,31,115.381,390.523,82.8747,153.517,-1,-1,-1,-1
770,27,290.371,355.912,114.357,252.459,-1,-1,-1,-1
770,28,239.173,360.288,66.6017,245.668,-1,-1,-1,-1
770,31,107.575,391.593,81.2325,148.379,-1,-1,-1,-1
771,27,297.912,357.42,104.234,251.179,-1,-1,-1,-1
771,28,242.14,361.085,66.6582,249.028,-1,-1,-1,-1
771,31,100.935,387.406,80.0654,158.035,-1,-1,-1,-1
772,27,297.128,358.079,113.827,250.535,-1,-1,-1,-1
772,28,242.312,363.605,72.3476,247.721,-1,-1,-1,-1
772,31,91.8798,388.945,81.4095,158.043,-1,-1,-1,-1
773,27,304.244,353.214,104.074,257.145,-1,-1,-1,-1
773,28,242.503,363.782,77.2708,246.851,-1,-1,-1,-1
773,31,83.334,389.726,82.6643,153.055,-1,-1,-1,-1
774,27,307.869,354.568,104.624,253.808,-1,-1,-1,-1
774,28,242.784,362.43,82.3989,247.361,-1,-1,-1,-1
774,31,77.7675,388.63,80.6133,155.808,-1,-1,-1,-1
775,27,303.565,352.972,121.617,255.929,-1,-1,-1,-1
775,28,242.545,358.736,86.0567,256.73,-1,-1,-1,-1
775,31,66.7915,390.151,85.0894,151.764,-1,-1,-1,-1
776,27,309.825,353.003,114.469,256.315,-1,-1,-1,-1
776,28,242.668,359.348,89.6189,253.606,-1,-1,-1,-1
776,31,62.1119,390.449,80.7332,152.438,-1,-1,-1,-1
777,27,312.23,351.014,109.157,261.936,-1,-1,-1,-1
777,28,246.915,358.956,85.6446,255.392,-1,-1,-1,-1
777,31,49.6785,387.729,88.0171,158.888,-1,-1,-1,-1
778,27,314.708,350.647,104.951,264.714,-1,-1,-1,-1
778,28,247.977,358.179,87.9002,258.263,-1,-1,-1,-1
778,31,44.9574,386.522,84.373,163.185,-1,-1,-1,-1
779,27,318.832,350.48,96.404,266.815,-1,-1,-1,-1
779,28,251.545,360.571,85.3551,256.571,-1,-1,-1,-1
779,31,39.0033,389.157,81.5539,159.483,-1,-1,-1,-1
780,27,332.703,352.127,74.6167,262.838,-1,-1,-1,-1
780,28,253.191,358.094,94.3553,262.535,-1,-1,-1,-1
780,31,31.3151,392.019,81.2172,156.345,-1,-1,-1,-1
781,27,336.933,347.907,70.6006,268.546,-1,-1,-1,-1
781,28,260.134,352.734,94.7185,272.689,-1,-1,-1,-1
781,31,21.5371,391.882,85.3435,155.667,-1,-1,-1,-1
782,27,338.011,348.337,71.2415,267.744,-1,-1,-1,-1
782,28,265.525,351.879,97.1008,273.938,-1,-1,-1,-1
782,31,15.74,387.911,84.1192,164.659,-1,-1,-1,-1
783,27,336.71,347.67,78.2393,267.574,-1,-1,-1,-1
783,28,274.139,355.051,93.3026,264.054,-1,-1,-1,-1
783,31,11.7311,389.928,80.4317,162.792,-1,-1,-1,-1
784,27,340.072,353.644,78.1573,253.438,-1,-1,-1,-1
784,28,281.893,354.547,83.3168,263.427,-1,-1,-1,-1
784,31,8.03928,394.545,75.3336,156.298,-1,-1,-1,-1
785,27,341.596,350.858,82.2133,259.068,-1,-1,-1,-1
785,28,283.584,355.251,85.2711,264.483,-1,-1,-1,-1
785,31,1.8251,395.025,77.5421,156.809,-1,-1,-1,-1
786,27,336.181,350.527,97.3368,262.85,-1,-1,-1,-1
786,28,286.075,352.104,88.6873,268.974,-1,-1,-1,-1
786,31,1.28617,397.163,69.8531,154.111,-1,-1,-1,-1
787,27,315.129,345.219,129.214,272.592,-1,-1,-1,-1
787,28,289.087,352.738,89.5357,266.975,-1,-1,-1,-1
787,31,1.85543,397.066,59.8048,157.045,-1,-1,-1,-1
788,27,300.717,343.418,145.287,275.083,-1,-1,-1,-1
788,28,294.099,352.372,88.0227,265.583,-1,-1,-1,-1
788,31,1.48733,400.503,52.4824,151.734,-1,-1,-1,-1
789,27,295.959,342.346,147.062,278.148,-1,-1,-1,-1
789,28,299.111,352.006,86.9667,265.888,-1,-1,-1,-1
789,31,-2.95255,398.016,55.9483,158.67,-1,-1,-1,-1
790,27,295.74,347.741,146.053,268.47,-1,-1,-1,-1
790,31,-2.30748,402.612,50.7094,149.215,-1,-1,-1,-1
790,28,302.123,351.64,87.6967,266.381,-1,-1,-1,-1
791,27,301.012,349.742,135.37,262.241,-1,-1,-1,-1
791,31,-10.1302,401.371,57.7596,154.155,-1,-1,-1,-1
791,28,306.135,351.274,88.1818,266.76,-1,-1,-1,-1
792,27,307.674,347.897,126.472,263.965,-1,-1,-1,-1
792,31,-12.9529,402.13,55.3409,154.164,-1,-1,-1,-1
792,28,310.147,350.908,88.0807,266.317,-1,-1,-1,-1
793,27,319.611,348.17,117.004,263.892,-1,-1,-1,-1
793,31,-15.7756,402.889,54.4481,153.588,-1,-1,-1,-1
793,28,314.16,350.542,87.7897,266.186,-1,-1,-1,-1
794,27,318.167,342.728,131.044,275.139,-1,-1,-1,-1
794,28,318.172,350.176,87.7431,266.306,-1,-1,-1,-1
794,31,-19.5983,403.648,54.8413,153.958,-1,-1,-1,-1
795,27,320.496,344.118,147.745,276.333,-1,-1,-1,-1
795,28,322.184,349.81,87.8984,266.39,-1,-1,-1,-1
795,31,-23.421,404.407,54.6199,153.016,-1,-1,-1,-1
796,27,322.325,345.676,160.109,274.161,-1,-1,-1,-1
796,31,-28.2437,405.166,55.4019,153.776,-1,-1,-1,-1
797,27,335.129,347.667,158.413,270.95,-1,-1,-1,-1
798,27,366.948,352.88,125.952,259.058,-1,-1,-1,-1
799,27,377.729,349.449,128.911,263.498,-1,-1,-1,-1
800,27,385.249,349.54,127.282,261.334,-1,-1,-1,-1
801,27,382.721,339.035,126.938,282.735,-1,-1,-1,-1
802,27,394.711,346.174,108.457,266.308,-1,-1,-1,-1
803,27,399.44,348.01,104.216,261.713,-1,-1,-1,-1
803,28,361.116,351.76,72.3445,253.859,-1,-1,-1,-1
804,27,413.479,348.584,89.0704,261.71,-1,-1,-1,-1
804,28,363.009,347.747,75.2899,267.551,-1,-1,-1,-1
805,27,420.411,344.056,88.1729,271.141,-1,-1,-1,-1
805,28,368.561,349.443,73.8957,267.954,-1,-1,-1,-1
806,27,420.599,344.118,95.662,270.108,-1,-1,-1,-1
806,28,364.544,344.776,94.5322,271.001,-1,-1,-1,-1
807,27,421.398,345.696,99.4258,266.617,-1,-1,-1,-1
807,28,372.746,345.103,81.4168,267.689,-1,-1,-1,-1
808,27,418.933,346.613,106.133,266.528,-1,-1,-1,-1
808,28,380.196,345.306,71.0034,273.702,-1,-1,-1,-1
809,27,422.189,341.693,103.753,280.127,-1,-1,-1,-1
809,28,379.611,340.184,76.9382,285.236,-1,-1,-1,-1
810,27,427.924,348.4,100.404,267.493,-1,-1,-1,-1
810,28,382.444,345.597,72.2344,275.44,-1,-1,-1,-1
811,27,434.53,346.869,97.3641,272.514,-1,-1,-1,-1
811,28,378.222,343.684,91.9622,286.248,-1,-1,-1,-1
812,27,446.491,349.738,87.851,265.051,-1,-1,-1,-1
812,28,386.846,350.294,87.8618,277.233,-1,-1,-1,-1
813,27,454.092,351.342,84.3832,263.456,-1,-1,-1,-1
813,28,392.51,348.807,81.9811,278.276,-1,-1,-1,-1
814,27,459.208,352.696,84.9148,257.198,-1,-1,-1,-1
814,28,389.46,348.391,95.7505,277.438,-1,-1,-1,-1
815,27,462.122,349.996,86.143,261.662,-1,-1,-1,-1
815,28,393.444,346.598,96.26,278.793,-1,-1,-1,-1
816,27,470.419,351.095,80.8978,252.007,-1,-1,-1,-1
816,28,397.748,339.975,97.1957,291.323,-1,-1,-1,-1
817,27,480.954,352.304,70.7569,244.669,-1,-1,-1,-1
817,28,407.868,340.891,90.9919,291.322,-1,-1,-1,-1
818,27,484.541,345.269,69.1272,262.308,-1,-1,-1,-1
818,28,409.513,341.056,101.78,293.226,-1,-1,-1,-1
819,27,485.191,347.581,78.3679,255.569,-1,-1,-1,-1
819,28,413.514,342.183,110.291,288.869,-1,-1,-1,-1
820,27,488.024,345.24,71.7239,263.179,-1,-1,-1,-1
820,28,422.48,340.056,99.232,291.248,-1,-1,-1,-1
821,27,495.816,347.233,59.1011,262.352,-1,-1,-1,-1
821,28,424.895,338.389,106.353,294.879,-1,-1,-1,-1
822,27,493.844,349.407,69.8154,257.615,-1,-1,-1,-1
822,28,430.318,338.566,104.652,292.648,-1,-1,-1,-1
823,27,496.872,348.582,69.6271,260.205,-1,-1,-1,-1
823,28,433.295,338.811,109.265,287.567,-1,-1,-1,-1
824,28,438.74,340.009,110.955,285.774,-1,-1,-1,-1
824,27,499.899,348.756,69.7271,259.784,-1,-1,-1,-1
825,28,440.118,337.759,115.296,291.688,-1,-1,-1,-1
825,27,503.927,348.931,67.9989,260.627,-1,-1,-1,-1
826,28,446.239,341.475,110.879,281.516,-1,-1,-1,-1
826,27,506.955,349.105,67.2539,260.117,-1,-1,-1,-1
827,28,446.347,342.485,113.28,273.894,-1,-1,-1,-1
827,27,509.982,349.28,68.8845,259.67,-1,-1,-1,-1
828,28,451.722,346.755,108.528,260.959,-1,-1,-1,-1
828,27,513.01,349.454,68.6983,260.08,-1,-1,-1,-1
829,28,455.505,336.802,104.014,282.762,-1,-1,-1,-1
829,27,516.038,349.629,68.5125,260.055,-1,-1,-1,-1
830,28,455.513,337.703,106.435,281.946,-1,-1,-1,-1
831,28,460.845,338.506,97.8853,284.42,-1,-1,-1,-1
832,28,463.945,338.366,98.9832,288.71,-1,-1,-1,-1
833,28,465.042,334.859,102.17,300.583,-1,-1,-1,-1
834,28,469.953,340.765,97.7406,290.709,-1,-1,-1,-1
835,28,477.567,346.603,91.6642,278.406,-1,-1,-1,-1
836,28,477.785,342.355,97.6887,288.566,-1,-1,-1,-1
837,28,481.003,342.107,97.6493,289.395,-1,-1,-1,-1
838,28,484.221,342.859,97.3826,289.532,-1,-1,-1,-1
839,28,488.439,344.611,96.4251,287.321,-1,-1,-1,-1
840,28,491.657,346.363,96.162,286.644,-1,-1,-1,-1
841,28,493.875,346.115,97.0615,288.291,-1,-1,-1,-1
842,28,498.093,346.868,96.9361,288.237,-1,-1,-1,-1
843,28,501.311,347.62,96.7934,288.005,-1,-1,-1,-1
844,32,1425.07,317.829,119.666,282.698,-1,-1,-1,-1
844,28,504.528,348.372,96.6756,287.7,-1,-1,-1,-1
845,32,1423.38,315.841,114.735,285.186,-1,-1,-1,-1
846,32,1419.1,317.797,107.997,283.671,-1,-1,-1,-1
847,32,1413.29,317.358,105.438,284.333,-1,-1,-1,-1
848,32,1403.34,314.329,110.172,287.858,-1,-1,-1,-1
849,32,1392.6,314.477,112.931,286.564,-1,-1,-1,-1
850,32,1382.72,317.388,116.509,280.466,-1,-1,-1,-1
851,32,1352.01,317.293,153.787,284.984,-1,-1,-1,-1
852,32,1321.49,318.231,188.193,281.15,-1,-1,-1,-1
853,32,1314.02,321.818,183.875,273.076,-1,-1,-1,-1
854,32,1316.26,320.37,169.7,274.648,-1,-1,-1,-1
855,32,1312.99,319.384,168.327,276.33,-1,-1,-1,-1
856,32,1307.77,320.21,170.793,275.987,-1,-1,-1,-1
857,32,1303.64,319.305,167.284,280.541,-1,-1,-1,-1
858,32,1309.69,319.384,139.637,283.777,-1,-1,-1,-1
859,32,1302.6,323.381,137.178,276.023,-1,-1,-1,-1
860,32,1299.03,316.99,124.527,284.294,-1,-1,-1,-1
861,32,1283.87,319.875,130.636,276.684,-1,-1,-1,-1
862,32,1278.31,321.111,122.136,273.634,-1,-1,-1,-1
863,32,1269.84,318.795,121.735,278.854,-1,-1,-1,-1
864,32,1261.45,318.949,122.499,280.641,-1,-1,-1,-1
865,32,1250.65,324.02,127.262,268.066,-1,-1,-1,-1
866,32,1239.9,324.699,137.366,266.748,-1,-1,-1,-1
867,32,1231.5,324.215,144.952,272.146,-1,-1,-1,-1
868,32,1213.62,324.825,167.584,274.595,-1,-1,-1,-1
869,32,1211.59,324.409,167.814,274.256,-1,-1,-1,-1
870,32,1215.07,325.297,152.485,271.635,-1,-1,-1,-1
871,32,1215.88,325.049,142.135,278.663,-1,-1,-1,-1
872,32,1219.9,324.058,114.054,279.487,-1,-1,-1,-1
873,32,1213.22,323.299,110.99,279.95,-1,-1,-1,-1
874,32,1206.23,326.21,108.063,272.742,-1,-1,-1,-1
875,32,1203.97,325.275,96.2046,272.657,-1,-1,-1,-1
876,32,1193.51,323.109,100.515,275.328,-1,-1,-1,-1
877,32,1182.77,324.353,108.076,274.009,-1,-1,-1,-1
878,32,1176.1,325.632,109.052,272.512,-1,-1,-1,-1
879,32,1170.77,324.155,107.181,273.791,-1,-1,-1,-1
880,32,1161.63,322.163,116.539,277.518,-1,-1,-1,-1
881,32,1148.39,325.851,131.688,271.182,-1,-1,-1,-1
882,32,1140.95,326.671,137.797,271.37,-1,-1,-1,-1
883,32,1135.37,326.429,140.979,271.365,-1,-1,-1,-1
884,32,1136.11,328.772,126.39,272.79,-1,-1,-1,-1
885,32,1131.49,332.176,121.996,263.855,-1,-1,-1,-1
886,32,1124.84,328.923,121.824,270.697,-1,-1,-1,-1
887,32,1119.18,330.512,121.637,265.961,-1,-1,-1,-1
888,32,1114.47,327.76,117.377,267.447,-1,-1,-1,-1
889,32,1110.42,328.087,114.552,265.408,-1,-1,-1,-1
890,32,1106.82,324.004,107.581,275.901,-1,-1,-1,-1
891,32,1106.12,324.804,95.3674,268.783,-1,-1,-1,-1
892,32,1104.17,325.753,88.2859,265.869,-1,-1,-1,-1
893,32,1100.34,330.09,86.0803,255.256,-1,-1,-1,-1
894,32,1096.13,329.552,87.3364,257.12,-1,-1,-1,-1
895,32,1100.41,342.463,77.4172,238.944,-1,-1,-1,-1
896,32,1096.06,345.745,88.9597,237.138,-1,-1,-1,-1
897,32,1097.84,358.428,81.998,223.873,-1,-1,-1,-1
898,32,1094.58,351.927,84.3583,242.466,-1,-1,-1,-1
899,32,1092.32,355.425,84.0139,239.908,-1,-1,-1,-1
900,32,1090.06,359.924,83.3494,236.466,-1,-1,-1,-1
901,32,1087.8,362.422,84.5359,235.97,-1,-1,-1,-1
902,32,1085.53,364.92,83.6511,235.737,-1,-1,-1,-1
903,32,1083.27,366.419,83.9817,238.109,-1,-1,-1,-1
904,32,1081.01,368.917,83.9064,237.238,-1,-1,-1,-1
905,32,1078.75,372.415,83.8849,236.704,-1,-1,-1,-1
906,32,1076.49,374.914,83.992,236.752,-1,-1,-1,-1
908,33,975.855,339.165,79.6272,258.778,-1,-1,-1,-1
909,33,974.524,339.085,77.0073,256.325,-1,-1,-1,-1
909,34,877.487,307.515,109.406,323.707,-1,-1,-1,-1
910,33,972.891,335.413,78.024,261.024,-1,-1,-1,-1
910,34,883.279,302.659,102.522,336.514,-1,-1,-1,-1
911,33,971.982,342.713,76.9927,254.651,-1,-1,-1,-1
911,34,884.683,313.287,107.016,323.062,-1,-1,-1,-1
912,33,970.698,340.229,74.6093,261.57,-1,-1,-1,-1
912,34,892.257,318.337,104.865,318.144,-1,-1,-1,-1
913,33,969.275,340.836,73.1127,258.314,-1,-1,-1,-1
913,34,888.275,312.593,130.256,326.249,-1,-1,-1,-1
914,33,966.332,340.484,75.9492,258.377,-1,-1,-1,-1
914,34,892.501,306.459,140.424,333.962,-1,-1,-1,-1
915,33,964.389,340.133,75.7376,258.787,-1,-1,-1,-1
915,34,897.327,307.31,146.639,327.819,-1,-1,-1,-1
916,33,962.446,339.781,75.2803,258.34,-1,-1,-1,-1
916,34,908.68,310.374,133.76,317.127,-1,-1,-1,-1
917,34,914.466,310.675,127.056,314.773,-1,-1,-1,-1
917,33,961.504,338.429,74.9378,259.078,-1,-1,-1,-1
918,34,916.72,303.751,124.656,329.43,-1,-1,-1,-1
918,33,958.561,339.078,75.0035,258.579,-1,-1,-1,-1
919,34,909.446,300.161,135.205,342.759,-1,-1,-1,-1
919,33,956.618,338.726,75.3817,258.632,-1,-1,-1,-1
920,34,912.954,308.446,133.463,326.382,-1,-1,-1,-1
920,33,954.675,338.375,75.2682,258.683,-1,-1,-1,-1
921,34,909.872,316.833,142.902,311.854,-1,-1,-1,-1
921,33,952.732,338.023,75.1743,258.662,-1,-1,-1,-1
922,34,928.379,312.164,124.667,323.609,-1,-1,-1,-1
922,33,950.789,337.671,75.1531,258.727,-1,-1,-1,-1
923,34,947.183,318.946,107.621,306.952,-1,-1,-1,-1
924,34,959.65,308.482,99.5474,319.392,-1,-1,-1,-1
925,34,965.343,312.5,101.172,303.742,-1,-1,-1,-1
926,34,972.375,315.23,97.096,293.011,-1,-1,-1,-1
926,35,868.477,340.201,92.7612,266.892,-1,-1,-1,-1
927,34,975.14,306.863,100.278,307.098,-1,-1,-1,-1
927,35,865.228,337.591,93.1436,261.509,-1,-1,-1,-1
928,34,982.899,302.906,92.1817,315.918,-1,-1,-1,-1
928,35,866.18,340.72,83.0957,253.402,-1,-1,-1,-1
929,34,984.893,305.644,98.055,307.832,-1,-1,-1,-1
929,35,863.98,336.863,83.9738,259.472,-1,-1,-1,-1
930,34,989.886,305.383,97.7565,305.52,-1,-1,-1,-1
930,35,872.144,337.665,64.822,248.181,-1,-1,-1,-1
931,34,994.879,304.122,97.0735,305.876,-1,-1,-1,-1
931,35,867.838,337.714,68.1777,246.182,-1,-1,-1,-1
932,35,866.169,338.405,65.7633,243.528,-1,-1,-1,-1
932,34,999.873,301.861,97.0689,308.449,-1,-1,-1,-1
933,35,859.505,333.683,73.1665,250.153,-1,-1,-1,-1
933,34,1005.87,300.599,96.4271,308.719,-1,-1,-1,-1
934,35,857.84,331.96,71.1807,249.503,-1,-1,-1,-1
934,34,1009.86,299.338,97.2762,307.279,-1,-1,-1,-1
935,35,857.176,331.238,68.622,247.509,-1,-1,-1,-1
935,34,1014.85,298.077,97.1205,307.169,-1,-1,-1,-1
936,34,1020.85,296.816,96.9932,307.498,-1,-1,-1,-1
936,35,853.511,329.516,69.382,247.375,-1,-1,-1,-1
937,34,1025.84,295.554,96.9772,307.823,-1,-1,-1,-1
937,35,850.847,327.794,69.6229,247.614,-1,-1,-1,-1
938,35,848.182,326.071,70.3948,248.431,-1,-1,-1,-1
939,35,845.518,324.349,69.8405,248.086,-1,-1,-1,-1
940,35,842.854,322.627,69.5725,247.803,-1,-1,-1,-1
941,35,840.189,320.904,69.7625,247.862,-1,-1,-1,-1
951,36,1117.75,301.443,138.622,340.722,-1,-1,-1,-1
952,36,1118.34,298.884,147.483,335.511,-1,-1,-1,-1
953,36,1116.15,295.333,167.17,342.409,-1,-1,-1,-1
954,36,1117.19,292.285,180.556,350.929,-1,-1,-1,-1
955,36,1126.05,294.119,177.344,344.001,-1,-1,-1,-1
956,36,1125.78,296.059,190.52,337.223,-1,-1,-1,-1
957,36,1133.2,293.418,186.348,343.984,-1,-1,-1,-1
958,36,1135.49,292.494,186.517,340.224,-1,-1,-1,-1
959,36,1148.56,285.057,162.18,354.107,-1,-1,-1,-1
960,36,1151.88,286.514,166.887,348.608,-1,-1,-1,-1
961,36,1152.78,276.084,174.649,367.834,-1,-1,-1,-1
962,36,1157.84,282.937,172.533,356.123,-1,-1,-1,-1
963,36,1162.08,284.679,175.853,347.153,-1,-1,-1,-1
964,36,1173.08,278.06,165.247,360.668,-1,-1,-1,-1
965,36,1183.21,284.684,153.242,342.59,-1,-1,-1,-1
966,36,1190.09,279.768,147.502,343.132,-1,-1,-1,-1
967,36,1193.38,283.186,154.459,335.989,-1,-1,-1,-1
968,36,1201.67,282.495,153.127,349.176,-1,-1,-1,-1
969,36,1204.92,280.718,163.082,361.943,-1,-1,-1,-1
970,36,1208.58,284.959,171.756,355.16,-1,-1,-1,-1
971,36,1215.05,294.304,182.198,340.982,-1,-1,-1,-1
972,36,1212.72,293.818,209.406,342.275,-1,-1,-1,-1
973,36,1218.71,292.516,220.303,343.196,-1,-1,-1,-1
974,36,1224.17,293.532,223.115,341.85,-1,-1,-1,-1
975,36,1234.04,295.96,213.98,337.799,-1,-1,-1,-1
976,36,1240.8,294.978,206.865,338.868,-1,-1,-1,-1
977,36,1248.54,291.62,195.199,344.788,-1,-1,-1,-1
978,36,1246.53,289.79,202.644,350.404,-1,-1,-1,-1
979,36,1250.78,288.254,197.545,350.578,-1,-1,-1,-1
980,36,1263.25,282.864,184.307,361.508,-1,-1,-1,-1
981,36,1275.31,283.373,174.928,359.113,-1,-1,-1,-1
982,36,1285.27,288.189,170.138,344.638,-1,-1,-1,-1
983,36,1297.25,284.122,166.494,349.597,-1,-1,-1,-1
984,36,1307.91,277.871,155.984,363.925,-1,-1,-1,-1
985,36,1307.51,281.359,170.37,355.756,-1,-1,-1,-1
986,36,1344.84,281.719,137.043,362.604,-1,-1,-1,-1
987,36,1362.49,280.272,133.239,365.758,-1,-1,-1,-1
988,36,1369.28,277.451,148.259,367.737,-1,-1,-1,-1
989,36,1366.18,283.525,171.826,352.539,-1,-1,-1,-1
989,37,1314.26,295.871,113.79,332.253,-1,-1,-1,-1
990,36,1387.49,278.925,152.147,360.879,-1,-1,-1,-1
990,37,1317.71,291.653,117.113,335.984,-1,-1,-1,-1
990,38,452.262,365.038,111.398,236.27,-1,-1,-1,-1
991,37,1322.14,290.73,124.103,337.524,-1,-1,-1,-1
991,38,446.295,370.151,116.426,227.02,-1,-1,-1,-1
991,36,1400.8,277.325,148.503,361.903,-1,-1,-1,-1
992,37,1332.6,292.423,116.054,333.738,-1,-1,-1,-1
992,38,443.465,371.675,115.539,225.338,-1,-1,-1,-1
992,36,1411.12,276.725,150.795,361.763,-1,-1,-1,-1
993,37,1330.82,287.883,134.039,344.151,-1,-1,-1,-1
993,38,441.259,368.836,115.56,230.577,-1,-1,-1,-1
993,36,1420.43,277.125,154.306,360.964,-1,-1,-1,-1
994,37,1334.03,286.719,139.102,343.058,-1,-1,-1,-1
994,38,438.656,371.4,118.545,227.611,-1,-1,-1,-1
994,36,1430.74,276.525,155.515,359.61,-1,-1,-1,-1
995,37,1323.63,284.344,198.159,341.696,-1,-1,-1,-1
995,38,444.558,374.512,88.9873,223.639,-1,-1,-1,-1
995,36,1444.05,274.925,152.253,361.024,-1,-1,-1,-1
996,37,1341.07,277.462,194.634,349.981,-1,-1,-1,-1
996,38,443.001,370.922,69.1398,229.987,-1,-1,-1,-1
996,36,1455.36,274.325,152.275,361.053,-1,-1,-1,-1
997,37,1347.97,280.397,201.943,346.725,-1,-1,-1,-1
997,38,431.104,369.864,77.7587,228.418,-1,-1,-1,-1
998,37,1359.23,280.504,198.609,342.342,-1,-1,-1,-1
998,38,423.11,369.102,81.9694,227.583,-1,-1,-1,-1
999,37,1377.46,284.876,160.363,334.589,-1,-1,-1,-1
999,38,414.942,363.521,85.7025,235.668,-1,-1,-1,-1
999,39,490.389,364.423,75.9155,227.783,-1,-1,-1,-1
1000,37,1369.09,283.118,189.697,335.01,-1,-1,-1,-1
1000,38,409.649,362.982,88.8513,235.525,-1,-1,-1,-1
1000,39,488.666,370.038,75.3633,216.471,-1,-1,-1,-1
