1,1,405,379,87,214,-1,-1,-1,-1
2,1,407.33,381.33,87.667,213,-1,-1,-1,-1
3,1,411.4,381.4,87.6,213.6,-1,-1,-1,-1
4,1,415.8,382.6,87.2,213,-1,-1,-1,-1
5,1,421.2,381.8,85.6,213.6,-1,-1,-1,-1
6,1,427,381.4,85.4,213.2,-1,-1,-1,-1
7,1,433.2,381.2,85.6,212.4,-1,-1,-1,-1
8,1,437.8,380.8,87.4,212.8,-1,-1,-1,-1
9,1,442.4,379.6,91,214,-1,-1,-1,-1
10,1,446,379.8,95.2,214.2,-1,-1,-1,-1
11,1,448.8,379.8,99.8,215.8,-1,-1,-1,-1
12,1,451.4,380.4,102.8,216,-1,-1,-1,-1
13,1,454.6,380.8,103.8,216.6,-1,-1,-1,-1
14,1,458,382,101.6,215.6,-1,-1,-1,-1
15,1,462.6,381.6,98.2,215.6,-1,-1,-1,-1
16,1,467.8,380.2,92.2,216,-1,-1,-1,-1
17,1,474,378.8,85.8,216.2,-1,-1,-1,-1
18,1,480,377.4,79.8,216.6,-1,-1,-1,-1
19,1,485.6,375.8,75.2,216.8,-1,-1,-1,-1
20,1,490.6,377,71.2,213.4,-1,-1,-1,-1
21,1,495.8,379.8,67.6,208,-1,-1,-1,-1
22,1,499.8,381.6,63.6,204.2,-1,-1,-1,-1
23,1,504.33,385.33,59.667,196.33,-1,-1,-1,-1
24,1,508,385,53,196,-1,-1,-1,-1
1,2,281,376,100,236,-1,-1,-1,-1
2,2,283.67,377,100.67,235,-1,-1,-1,-1
3,2,285.6,376.8,103.8,234.2,-1,-1,-1,-1
4,2,287.8,377.2,106.8,233.8,-1,-1,-1,-1
5,2,290.2,377,110,233.8,-1,-1,-1,-1
6,2,293,376.6,113,234.6,-1,-1,-1,-1
7,2,296.4,377.2,115.6,235,-1,-1,-1,-1
8,2,300.4,377.2,116,236.8,-1,-1,-1,-1
9,2,304.8,377,115.2,239,-1,-1,-1,-1
10,2,310.2,377.4,111.8,239.8,-1,-1,-1,-1
11,2,316.8,377,106.6,240.8,-1,-1,-1,-1
12,2,324,375.6,100,243.4,-1,-1,-1,-1
13,2,331,374.4,95.4,244,-1,-1,-1,-1
14,2,337.8,373.4,95,243.6,-1,-1,-1,-1
15,2,343.6,372.4,97,243.6,-1,-1,-1,-1
16,2,346.8,372.2,101.2,244.8,-1,-1,-1,-1
17,2,348.2,373.2,108,243.6,-1,-1,-1,-1
18,2,349.2,375.8,114.8,241,-1,-1,-1,-1
19,2,351.6,377.6,117,240.2,-1,-1,-1,-1
20,2,355.4,378.6,118.2,241.2,-1,-1,-1,-1
21,2,359.8,380.2,119.6,241.2,-1,-1,-1,-1
22,2,366.8,380.6,116.6,241.4,-1,-1,-1,-1
23,2,375.2,379.4,111.4,243.4,-1,-1,-1,-1
24,2,383.8,378.4,107,245.8,-1,-1,-1,-1
25,2,391.2,377.8,104.2,245.8,-1,-1,-1,-1
26,2,399.6,376.6,101.8,245,-1,-1,-1,-1
27,2,406.4,375.6,104,244.6,-1,-1,-1,-1
28,2,412.6,374.6,107.8,246.2,-1,-1,-1,-1
29,2,417.4,373.8,111.4,244.8,-1,-1,-1,-1
30,2,422,373.8,114.4,244.8,-1,-1,-1,-1
31,2,426.4,373.4,116.6,245.4,-1,-1,-1,-1
32,2,430.8,372.8,117.4,246.8,-1,-1,-1,-1
33,2,435.4,373.6,115.8,244.4,-1,-1,-1,-1
34,2,439.8,375,114.4,242.4,-1,-1,-1,-1
35,2,444.2,375.2,112.2,241.8,-1,-1,-1,-1
36,2,449.4,376,109.2,242,-1,-1,-1,-1
37,2,456,377,104.6,240.6,-1,-1,-1,-1
38,2,463.8,375.8,99.4,241,-1,-1,-1,-1
39,2,471.6,374.2,93.8,241.6,-1,-1,-1,-1
40,2,480,373,87.4,242.6,-1,-1,-1,-1
41,2,487.4,372.4,81.4,239.8,-1,-1,-1,-1
42,2,492.8,371,76.6,240.4,-1,-1,-1,-1
43,2,496.4,369.4,73.8,241.6,-1,-1,-1,-1
44,2,500.4,369,70.6,242,-1,-1,-1,-1
45,2,503,367,69,243,-1,-1,-1,-1
46,2,508,369,65,239,-1,-1,-1,-1
70,3,1508,343,51,248,-1,-1,-1,-1
71,3,1495.3,340.67,63.667,254.67,-1,-1,-1,-1
72,3,1476,336.7,83,260.2,-1,-1,-1,-1
73,3,1460.2,334.3,98.8,265,-1,-1,-1,-1
74,3,1446.6,328.7,112.4,268.8,-1,-1,-1,-1
75,3,1435.8,327.5,123.2,269.6,-1,-1,-1,-1
76,3,1428.6,326.6,129.2,271,-1,-1,-1,-1
77,3,1427.4,323.2,130.2,274,-1,-1,-1,-1
78,3,1423.2,320.6,124.4,275.8,-1,-1,-1,-1
79,3,1417,320.8,118.2,276,-1,-1,-1,-1
80,3,1408.8,321.4,111.2,275.8,-1,-1,-1,-1
81,3,1398,321.6,106,274.4,-1,-1,-1,-1
82,3,1380.3,324.3,107.1,271.4,-1,-1,-1,-1
83,3,1361.7,326.9,119.3,268.6,-1,-1,-1,-1
84,3,1342.7,330.9,130.3,265.6,-1,-1,-1,-1
85,3,1326.5,331.9,140.5,264.4,-1,-1,-1,-1
86,3,1312.5,334.1,148.1,262.6,-1,-1,-1,-1
87,3,1303.2,335.6,146.6,261.8,-1,-1,-1,-1
88,3,1298.2,335.6,137.2,262,-1,-1,-1,-1
89,3,1299.8,333.4,137,264.8,-1,-1,-1,-1
90,3,1296.7,333.7,130.6,264.9,-1,-1,-1,-1
91,3,1290.1,331.7,118.4,266.9,-1,-1,-1,-1
92,3,1282.5,330.7,110.4,266.9,-1,-1,-1,-1
93,3,1272.1,330.9,107.2,265.9,-1,-1,-1,-1
94,3,1254.9,331.1,96.4,265.9,-1,-1,-1,-1
95,3,1243,331.6,99.2,264.6,-1,-1,-1,-1
96,3,1234.5,333.3,111.7,262.9,-1,-1,-1,-1
97,3,1226.3,334.7,126.1,262.5,-1,-1,-1,-1
98,3,1223.5,335.7,136,262.3,-1,-1,-1,-1
99,3,1224.7,335.9,144.2,261.7,-1,-1,-1,-1
100,3,1223.7,336.7,146.2,260.9,-1,-1,-1,-1
101,3,1221.6,337.6,146.9,259.8,-1,-1,-1,-1
102,3,1221,338.6,139.1,256.8,-1,-1,-1,-1
103,3,1218.2,338,132.4,255.6,-1,-1,-1,-1
104,3,1213.2,337.2,123,255.6,-1,-1,-1,-1
105,3,1208.8,336,110.4,254.4,-1,-1,-1,-1
106,3,1203.2,333,97.8,254.6,-1,-1,-1,-1
107,3,1195.8,331.8,91.6,255.4,-1,-1,-1,-1
108,3,1187.8,331.6,87,256.4,-1,-1,-1,-1
109,3,1177.4,331.4,89.4,256.8,-1,-1,-1,-1
110,3,1162.6,332.2,99.4,256.8,-1,-1,-1,-1
111,3,1150,333.8,108.4,257,-1,-1,-1,-1
112,3,1137.2,335.6,117.6,256,-1,-1,-1,-1
113,3,1125.2,337.8,125.4,254.2,-1,-1,-1,-1
114,3,1115.8,341.4,128.6,251.8,-1,-1,-1,-1
115,3,1110.8,342.2,126,254.4,-1,-1,-1,-1
116,3,1105.2,346,121.8,256.6,-1,-1,-1,-1
117,3,1104.4,348.2,110.4,259.8,-1,-1,-1,-1
118,3,1103.2,350.8,100.6,262,-1,-1,-1,-1
119,3,1103,351.6,93.2,266.4,-1,-1,-1,-1
120,3,1104.4,354.4,87,268.4,-1,-1,-1,-1
121,3,1108.6,355.4,82.2,268,-1,-1,-1,-1
122,3,1110.2,354.4,84,270.2,-1,-1,-1,-1
123,3,1112.6,353,86,273.2,-1,-1,-1,-1
124,3,1114.2,351,91.4,278.6,-1,-1,-1,-1
125,3,1116.2,348,97.8,285.8,-1,-1,-1,-1
126,3,1116.2,345.2,104.6,293.2,-1,-1,-1,-1
127,3,1116,345,104.8,297.8,-1,-1,-1,-1
128,3,1119.4,344.4,114.6,299.8,-1,-1,-1,-1
129,3,1120,346.4,111.4,298.2,-1,-1,-1,-1
130,3,1120,349.2,109.8,295.8,-1,-1,-1,-1
131,3,1121.6,348.8,108.2,296.8,-1,-1,-1,-1
132,3,1125,347.6,112.4,295.6,-1,-1,-1,-1
133,3,1124.6,345.2,108.6,297.6,-1,-1,-1,-1
134,3,1129.6,341.6,115.4,300.6,-1,-1,-1,-1
135,3,1136.2,339.8,118.8,300.4,-1,-1,-1,-1
136,3,1143.4,339.2,121.8,301,-1,-1,-1,-1
137,3,1150.6,336.2,131.8,306.2,-1,-1,-1,-1
138,3,1160.2,334.8,138.4,309.8,-1,-1,-1,-1
139,3,1168,334.4,142.2,312,-1,-1,-1,-1
140,3,1175.6,333.2,142.4,314.8,-1,-1,-1,-1
141,3,1183.2,333.6,148.6,313.8,-1,-1,-1,-1
142,3,1191.6,334.8,140.6,313,-1,-1,-1,-1
143,3,1198.2,335.6,143,312.6,-1,-1,-1,-1
144,3,1205.6,335.4,151.2,311.4,-1,-1,-1,-1
145,3,1212.6,333.2,164.4,312,-1,-1,-1,-1
146,3,1219,331.4,174.2,310.2,-1,-1,-1,-1
147,3,1225,328.2,189.4,311,-1,-1,-1,-1
148,3,1231.8,327.6,196,311.4,-1,-1,-1,-1
149,3,1241.6,326,194.6,314.6,-1,-1,-1,-1
150,3,1250.2,325.8,191.6,318.4,-1,-1,-1,-1
151,3,1258.8,325.4,189.8,322.6,-1,-1,-1,-1
152,3,1266.6,327,189.8,324.2,-1,-1,-1,-1
153,3,1275.8,327,187.6,325.4,-1,-1,-1,-1
154,3,1281.4,328.8,188.8,323,-1,-1,-1,-1
155,3,1290,329.2,188.2,320.8,-1,-1,-1,-1
156,3,1299,329.4,185.8,320.6,-1,-1,-1,-1
157,3,1309.8,329.8,183.6,320.6,-1,-1,-1,-1
158,3,1315.6,329.4,188.6,321.8,-1,-1,-1,-1
159,3,1321,328.4,195.8,323.2,-1,-1,-1,-1
160,3,1325.2,329.2,206.2,322.8,-1,-1,-1,-1
161,3,1331.2,328.6,211.8,323.6,-1,-1,-1,-1
162,3,1339.4,327.6,212.2,322.4,-1,-1,-1,-1
163,3,1354,327.6,202.4,322.8,-1,-1,-1,-1
164,3,1371,326.6,188,324.2,-1,-1,-1,-1
165,3,1387.8,326.4,171.2,324.2,-1,-1,-1,-1
166,3,1403,326.6,156,324.6,-1,-1,-1,-1
167,3,1413.6,326.2,145.4,325.4,-1,-1,-1,-1
168,3,1420.6,325.2,138.4,326.4,-1,-1,-1,-1
169,3,1425,326.2,134,325.8,-1,-1,-1,-1
170,3,1428.4,325,130.6,326.8,-1,-1,-1,-1
171,3,1430.4,324.6,128.6,324.8,-1,-1,-1,-1
172,3,1431.4,327,127.6,320.4,-1,-1,-1,-1
173,3,1436,329.2,123,314.8,-1,-1,-1,-1
174,3,1444,331,115,308.8,-1,-1,-1,-1
175,3,1453.8,332.6,105.2,304,-1,-1,-1,-1
176,3,1467.2,334,91.8,303.2,-1,-1,-1,-1
177,3,1484,334,75,303,-1,-1,-1,-1
178,3,1499,333,60,310,-1,-1,-1,-1
80,4,1462,310,97,282,-1,-1,-1,-1
81,4,1455,310.33,92.333,277,-1,-1,-1,-1
82,4,1445.2,313,94.6,272.6,-1,-1,-1,-1
83,4,1435.6,315.2,97.2,269.6,-1,-1,-1,-1
84,4,1422,318.8,105.2,265.8,-1,-1,-1,-1
85,4,1409.8,321.2,112.4,265.6,-1,-1,-1,-1
86,4,1397.6,323,120.8,268,-1,-1,-1,-1
87,4,1384.6,324.8,129,269.4,-1,-1,-1,-1
88,4,1371.4,325.2,135.2,273,-1,-1,-1,-1
89,4,1358.5,325.1,139.3,276,-1,-1,-1,-1
90,4,1342.9,325.7,143.1,275.2,-1,-1,-1,-1
91,4,1331.3,324.5,139.3,274.2,-1,-1,-1,-1
92,4,1322.1,322.9,129.7,274.4,-1,-1,-1,-1
93,4,1315.7,323.1,117.7,269.6,-1,-1,-1,-1
94,4,1310.6,323.8,106.6,266,-1,-1,-1,-1
95,4,1306.9,324.4,96.7,264.9,-1,-1,-1,-1
96,4,1297.9,327.4,95.3,262.7,-1,-1,-1,-1
97,4,1286.5,331,100.5,259.5,-1,-1,-1,-1
98,4,1272,333,111,262,-1,-1,-1,-1
84,5,868,344,79,248,-1,-1,-1,-1
85,5,866.33,349.33,92,243.67,-1,-1,-1,-1
86,5,866.8,351.6,101.2,245,-1,-1,-1,-1
87,5,867,352.6,109.4,246,-1,-1,-1,-1
88,5,867.4,352.8,116.4,247,-1,-1,-1,-1
89,5,870,353.6,117,248.8,-1,-1,-1,-1
90,5,871.6,354.4,118.4,249.8,-1,-1,-1,-1
91,5,876.6,354.6,117.2,252,-1,-1,-1,-1
92,5,884,357.2,113,252.4,-1,-1,-1,-1
93,5,893.8,358.4,107.2,254.6,-1,-1,-1,-1
94,5,903.6,358.2,102.4,256.2,-1,-1,-1,-1
95,5,916.2,357.8,95,257.8,-1,-1,-1,-1
96,5,926.6,357.8,91.2,257.4,-1,-1,-1,-1
97,5,935,357.2,90,257,-1,-1,-1,-1
98,5,941.4,357.2,92.4,257.4,-1,-1,-1,-1
99,5,947,357.2,95.2,259.6,-1,-1,-1,-1
100,5,952.2,357.8,97.4,260.6,-1,-1,-1,-1
101,5,957.4,357.4,96.8,265.4,-1,-1,-1,-1
102,5,962.4,356.6,94.8,269,-1,-1,-1,-1
103,5,967.6,355,91,273,-1,-1,-1,-1
104,5,976.4,354.2,83.8,273.6,-1,-1,-1,-1
105,5,985.4,353.6,76.4,273,-1,-1,-1,-1
106,5,994.67,352.33,70.333,272,-1,-1,-1,-1
107,5,1010,355,58,264,-1,-1,-1,-1
94,6,867,359,80,262,-1,-1,-1,-1
95,6,867.67,362,73.667,257,-1,-1,-1,-1
96,6,867.6,358.2,76.6,263.2,-1,-1,-1,-1
97,6,868.6,357.8,79.6,265,-1,-1,-1,-1
98,6,870.2,355.2,84.2,268,-1,-1,-1,-1
99,6,873,354.2,89.8,271.6,-1,-1,-1,-1
100,6,877,355,94.4,272.6,-1,-1,-1,-1
101,6,882,356.8,99,273.2,-1,-1,-1,-1
102,6,887.6,357.4,101.8,274.6,-1,-1,-1,-1
103,6,893.4,357.4,106,277.2,-1,-1,-1,-1
104,6,899.8,357.8,108.8,277.8,-1,-1,-1,-1
105,6,907,356.8,112.6,280.8,-1,-1,-1,-1
106,6,914.6,355.2,113.6,282,-1,-1,-1,-1
107,6,921.8,352.4,113.8,284.8,-1,-1,-1,-1
108,6,928.6,350.4,113.8,287,-1,-1,-1,-1
109,6,935.4,348.8,113.4,289.2,-1,-1,-1,-1
110,6,942.6,347,110.6,291.2,-1,-1,-1,-1
111,6,949,345.6,107.4,292.8,-1,-1,-1,-1
112,6,955,346.2,105.6,293.8,-1,-1,-1,-1
113,6,961,347.8,102.4,293.2,-1,-1,-1,-1
114,6,967.2,349.4,99.8,293.6,-1,-1,-1,-1
115,6,972.8,352.2,97.6,289.2,-1,-1,-1,-1
116,6,981.2,354.8,107.8,286.6,-1,-1,-1,-1
117,6,990.33,357.33,112.67,282,-1,-1,-1,-1
118,6,1005,358,150,281,-1,-1,-1,-1
98,7,1183,348,146,245,-1,-1,-1,-1
99,7,1189.5,348.5,147,244,-1,-1,-1,-1
100,7,1182.2,349,137.5,245.7,-1,-1,-1,-1
101,7,1176.6,349,129.5,245.3,-1,-1,-1,-1
102,7,1168.5,347.5,118.7,247.1,-1,-1,-1,-1
103,7,1158.5,346.5,106.3,246.9,-1,-1,-1,-1
104,7,1150.8,344.2,96.6,247.8,-1,-1,-1,-1
105,7,1142.8,342.6,91,247.4,-1,-1,-1,-1
106,7,1135,342.6,87.2,246.2,-1,-1,-1,-1
107,7,1128,342.4,86,247.2,-1,-1,-1,-1
108,7,1120.8,342.6,86,248.2,-1,-1,-1,-1
109,7,1113.6,345.2,86.8,244.6,-1,-1,-1,-1
110,7,1109.7,345.33,86.667,246,-1,-1,-1,-1
111,7,1105,351,87,233,-1,-1,-1,-1
121,8,992,365,70,239,-1,-1,-1,-1
122,8,972.67,355,97.333,249,-1,-1,-1,-1
123,8,960.8,354.2,105.8,248.8,-1,-1,-1,-1
124,8,950.2,352,114.4,247.4,-1,-1,-1,-1
125,8,942.8,352.6,115.8,244,-1,-1,-1,-1
126,8,938.2,353.8,112.2,239.8,-1,-1,-1,-1
127,8,933.6,353.4,105.6,235.4,-1,-1,-1,-1
128,8,929.2,352.4,98.2,235,-1,-1,-1,-1
129,8,924.2,351.8,92,236.4,-1,-1,-1,-1
130,8,916,351.8,88.4,235.8,-1,-1,-1,-1
131,8,908.6,353,84,232.8,-1,-1,-1,-1
132,8,899.6,353.6,87,231.4,-1,-1,-1,-1
133,8,890,354.8,90.4,228.2,-1,-1,-1,-1
134,8,880.6,355,92.2,224.2,-1,-1,-1,-1
135,8,874.8,355,91.4,221,-1,-1,-1,-1
136,8,870.6,354.6,90.8,221,-1,-1,-1,-1
137,8,868.33,355,85,218.33,-1,-1,-1,-1
138,8,873,359,76,220,-1,-1,-1,-1
127,9,0,422,148,280,-1,-1,-1,-1
128,9,1.3333,409.67,151,353.67,-1,-1,-1,-1
129,9,0.8,397.6,150.8,454.6,-1,-1,-1,-1
130,9,0.8,372.3,150.2,549.6,-1,-1,-1,-1
131,9,0.2,333.1,148.6,656,-1,-1,-1,-1
132,9,0,306.1,150.6,720.4,-1,-1,-1,-1
133,9,0,278.3,157.6,777.4,-1,-1,-1,-1
134,9,0,248.5,171.2,815.4,-1,-1,-1,-1
135,9,0,234.2,190.8,835.4,-1,-1,-1,-1
136,9,0,235.8,213.2,837,-1,-1,-1,-1
137,9,0,222.2,232.6,856.8,-1,-1,-1,-1
138,9,0,213.4,251.8,864.4,-1,-1,-1,-1
139,9,0,210.6,268.4,862.6,-1,-1,-1,-1
140,9,0,208.6,282.4,863.4,-1,-1,-1,-1
141,9,0,202.8,299,868.2,-1,-1,-1,-1
142,9,1.4,205,318.2,866,-1,-1,-1,-1
143,9,2.2,203.2,337.4,869,-1,-1,-1,-1
144,9,2.2,196.2,363.4,879.6,-1,-1,-1,-1
145,9,4.6,188.2,388.6,888,-1,-1,-1,-1
146,9,7.6,184.2,409,889.4,-1,-1,-1,-1
147,9,14.4,176,432.2,896.6,-1,-1,-1,-1
148,9,20.8,166.2,461.2,905.8,-1,-1,-1,-1
149,9,33.8,161.8,474.2,911.2,-1,-1,-1,-1
150,9,50.2,158.8,491.4,915,-1,-1,-1,-1
151,9,68.2,155.2,503.2,922.2,-1,-1,-1,-1
152,9,85.6,156.2,521,919.6,-1,-1,-1,-1
153,9,106.6,161,531.6,911.8,-1,-1,-1,-1
154,9,129.6,159.6,544,913,-1,-1,-1,-1
155,9,154.4,156.2,534.8,916.4,-1,-1,-1,-1
156,9,182,153,536.4,916.6,-1,-1,-1,-1
157,9,207.4,148.2,531.2,924,-1,-1,-1,-1
158,9,234.4,142.6,508.4,933.2,-1,-1,-1,-1
159,9,258.2,140.4,497,935.6,-1,-1,-1,-1
160,9,284.6,132.6,493.6,941.4,-1,-1,-1,-1
161,9,309.6,124.6,486,949.4,-1,-1,-1,-1
162,9,335,113.6,482.4,957.8,-1,-1,-1,-1
163,9,358.6,103.4,490.2,963.4,-1,-1,-1,-1
164,9,389.2,93.2,488.2,965,-1,-1,-1,-1
165,9,410.8,88.4,495.6,971.8,-1,-1,-1,-1
166,9,439.4,85.8,493.8,975.2,-1,-1,-1,-1
167,9,467.2,85.4,488.8,978.2,-1,-1,-1,-1
168,9,503.8,82.2,478.2,986,-1,-1,-1,-1
169,9,534.8,83.8,479.2,992,-1,-1,-1,-1
170,9,573.2,85,476,983.2,-1,-1,-1,-1
171,9,611.2,82,482.6,983.2,-1,-1,-1,-1
172,9,654.8,79.2,485.6,981.4,-1,-1,-1,-1
173,9,695.4,77.2,500,981.2,-1,-1,-1,-1
174,9,738.4,68.6,505.8,989.4,-1,-1,-1,-1
175,9,775.6,60.8,524.8,1001,-1,-1,-1,-1
176,9,812,48.4,538.4,1017.4,-1,-1,-1,-1
177,9,847,34,566.2,1036.4,-1,-1,-1,-1
178,9,887.6,28.8,566.8,1043.8,-1,-1,-1,-1
179,9,926,27.2,571.8,1046.4,-1,-1,-1,-1
180,9,973.6,24.2,553.2,1049.8,-1,-1,-1,-1
181,9,1017.2,25.6,532.2,1049.6,-1,-1,-1,-1
182,9,1068.6,34,480.8,1031.8,-1,-1,-1,-1
183,9,1118.2,32,440.8,1023.6,-1,-1,-1,-1
184,9,1167.7,28.667,391.33,1017.7,-1,-1,-1,-1
185,9,1231,26,328,1002,-1,-1,-1,-1
129,10,1176,358,85,273,-1,-1,-1,-1
130,10,1167,351,110,280.5,-1,-1,-1,-1
131,10,1171.8,348.2,114.3,283.8,-1,-1,-1,-1
132,10,1176.4,346,117.5,285.6,-1,-1,-1,-1
133,10,1186,346.2,113.1,283.1,-1,-1,-1,-1
134,10,1201.2,349,98.1,277.1,-1,-1,-1,-1
135,10,1213.4,349.2,87.8,275,-1,-1,-1,-1
136,10,1227.3,351.67,74,268,-1,-1,-1,-1
137,10,1233,345,74,278,-1,-1,-1,-1
129,11,990,349,81,223,-1,-1,-1,-1
130,11,984.67,348.67,78.667,229,-1,-1,-1,-1
131,11,978.2,349,81.4,230.6,-1,-1,-1,-1
132,11,971.2,348,83,234.4,-1,-1,-1,-1
133,11,963.8,348,84.8,236.4,-1,-1,-1,-1
134,11,955,346.6,87.2,237.4,-1,-1,-1,-1
135,11,945.8,346.2,90.8,238.2,-1,-1,-1,-1
136,11,934.8,346.2,95.8,239.8,-1,-1,-1,-1
137,11,922.4,347.4,103.6,239.6,-1,-1,-1,-1
138,11,910,348.2,112.8,239,-1,-1,-1,-1
139,11,899.2,350.2,120.6,238.6,-1,-1,-1,-1
140,11,888.4,350,126.8,238.4,-1,-1,-1,-1
141,11,880.6,351.6,128.2,236.8,-1,-1,-1,-1
142,11,875.6,352.8,125.6,233.4,-1,-1,-1,-1
143,11,873,353,116.4,230,-1,-1,-1,-1
144,11,871,350.8,105.6,227.8,-1,-1,-1,-1
145,11,870.67,350,92,223.33,-1,-1,-1,-1
146,11,872,344,76,225,-1,-1,-1,-1
145,12,0,741,95,338,-1,-1,-1,-1
146,12,0,753.5,118,325.5,-1,-1,-1,-1
147,12,0,759.5,137.8,319.5,-1,-1,-1,-1
148,12,0,764.3,160.4,314.7,-1,-1,-1,-1
149,12,0,768.6,185.2,310.4,-1,-1,-1,-1
150,12,0,770,212,308.8,-1,-1,-1,-1
151,12,0,771.2,239.2,307.2,-1,-1,-1,-1
152,12,0,773.6,267.8,304.4,-1,-1,-1,-1
153,12,3,776.2,295,301.8,-1,-1,-1,-1
154,12,12.8,778,314.2,299.4,-1,-1,-1,-1
155,12,26.8,781.8,327.8,295.8,-1,-1,-1,-1
156,12,45.6,787.6,339.6,290.4,-1,-1,-1,-1
157,12,70,791.6,343.4,286.8,-1,-1,-1,-1
158,12,95.333,798.67,345,280.33,-1,-1,-1,-1
159,12,122,799,340,280,-1,-1,-1,-1
157,13,6,389,73,164,-1,-1,-1,-1
158,13,6.6667,387.33,80,167.67,-1,-1,-1,-1
159,13,8.2,385.6,83.2,167,-1,-1,-1,-1
160,13,11.2,384.2,85.8,169.4,-1,-1,-1,-1
161,13,15.4,383.6,88,170,-1,-1,-1,-1
162,13,19.4,382.6,90.4,170.2,-1,-1,-1,-1
163,13,23.6,382.6,93.2,172,-1,-1,-1,-1
164,13,29.2,382.2,94.8,172,-1,-1,-1,-1
165,13,34.2,383.4,96.6,167.6,-1,-1,-1,-1
166,13,39.6,382.8,98.6,166.8,-1,-1,-1,-1
167,13,45.4,382,99,171.4,-1,-1,-1,-1
168,13,52.6,381.4,97.4,175.4,-1,-1,-1,-1
169,13,60.2,381.2,96.2,175.6,-1,-1,-1,-1
170,13,68.2,380.2,95.6,180.2,-1,-1,-1,-1
171,13,74.6,379.6,95.2,183,-1,-1,-1,-1
172,13,80.8,380.4,95.2,180.8,-1,-1,-1,-1
173,13,86,379.6,96.6,180.6,-1,-1,-1,-1
174,13,91.4,380.6,99.2,178.6,-1,-1,-1,-1
175,13,96,380,101.4,180.2,-1,-1,-1,-1
176,13,102.4,379.6,101.4,179.2,-1,-1,-1,-1
177,13,109,378.2,98,176.6,-1,-1,-1,-1
178,13,116.4,378,97.2,174.6,-1,-1,-1,-1
179,13,123.8,376.2,96.2,177,-1,-1,-1,-1
180,13,130.4,374.6,96.2,180.4,-1,-1,-1,-1
181,13,136.6,373.6,92.4,178.8,-1,-1,-1,-1
182,13,144,373.6,95.2,180.2,-1,-1,-1,-1
183,13,149.4,373.8,98.8,182.6,-1,-1,-1,-1
184,13,154.4,372.6,100,186.8,-1,-1,-1,-1
185,13,162.2,372.4,101,181.6,-1,-1,-1,-1
186,13,171.2,372.8,105.8,180.4,-1,-1,-1,-1
187,13,180.2,372.2,106.4,182.8,-1,-1,-1,-1
188,13,190,370.6,105.2,181.6,-1,-1,-1,-1
189,13,200.4,369.9,104.4,179.6,-1,-1,-1,-1
190,13,209.6,368.7,102.2,182,-1,-1,-1,-1
191,13,217.8,367.5,97.6,180.8,-1,-1,-1,-1
192,13,225.4,366.3,95.8,176.8,-1,-1,-1,-1
193,13,234,365.5,92.2,173.4,-1,-1,-1,-1
194,13,241.8,365.6,88.6,171.6,-1,-1,-1,-1
195,13,249.4,364.8,86.6,171.4,-1,-1,-1,-1
196,13,257.6,363.8,88.2,176,-1,-1,-1,-1
197,13,265.4,363.6,87.8,182.4,-1,-1,-1,-1
198,13,275.2,363,88,181.4,-1,-1,-1,-1
199,13,284.8,362,89.8,182.6,-1,-1,-1,-1
200,13,294.2,361.8,90.6,180.2,-1,-1,-1,-1
201,13,303.5,361.4,92,179.2,-1,-1,-1,-1
202,13,314.1,360.6,94.8,176.4,-1,-1,-1,-1
203,13,324.1,360.2,95.8,180.6,-1,-1,-1,-1
204,13,335.7,358.8,94.2,181.2,-1,-1,-1,-1
205,13,347.3,358.2,92,180,-1,-1,-1,-1
206,13,359.5,358,92.1,180.8,-1,-1,-1,-1
207,13,372.3,358.2,94.5,183.6,-1,-1,-1,-1
208,13,383.9,357.6,97.1,187.4,-1,-1,-1,-1
209,13,395.1,357.8,99.1,189.2,-1,-1,-1,-1
210,13,407.7,357.4,101.9,194.2,-1,-1,-1,-1
211,13,421.2,356.4,100.8,201,-1,-1,-1,-1
212,13,434.2,354.2,94.8,201.8,-1,-1,-1,-1
213,13,447,352.6,90.2,209.4,-1,-1,-1,-1
214,13,459.2,351,87.2,218.2,-1,-1,-1,-1
215,13,464.9,350.5,86.8,227.2,-1,-1,-1,-1
216,13,463.5,351.1,89.2,231.6,-1,-1,-1,-1
217,13,459.3,352.7,95,238.2,-1,-1,-1,-1
218,13,456.5,353.5,98,238.6,-1,-1,-1,-1
219,13,454.5,354.5,100.4,239.6,-1,-1,-1,-1
220,13,459.8,354.2,95.8,238,-1,-1,-1,-1
221,13,470,353.2,88.4,238.6,-1,-1,-1,-1
222,13,484,352,76,239,-1,-1,-1,-1
223,13,495,352,67,242,-1,-1,-1,-1
173,14,0,392,59,190,-1,-1,-1,-1
174,14,1.6667,392,65,192.33,-1,-1,-1,-1
175,14,3.8,389.8,69.4,186.8,-1,-1,-1,-1
176,14,6.4,389,75.2,186.4,-1,-1,-1,-1
177,14,10,388,80.6,185.2,-1,-1,-1,-1
178,14,15.4,386.6,82.8,185,-1,-1,-1,-1
179,14,22,387,84.4,187.2,-1,-1,-1,-1
180,14,29.4,387.2,88.2,187.4,-1,-1,-1,-1
181,14,37.6,386.8,88.2,188.2,-1,-1,-1,-1
182,14,46.8,386.4,87.8,190,-1,-1,-1,-1
183,14,54.4,386.6,90.8,191.2,-1,-1,-1,-1
184,14,62.4,385.6,92.6,194.4,-1,-1,-1,-1
185,14,71,385.4,93.4,196.8,-1,-1,-1,-1
186,14,79.6,384,94.6,200.6,-1,-1,-1,-1
187,14,86.8,383.4,96.6,203.2,-1,-1,-1,-1
188,14,96.6,382.8,95.6,204.6,-1,-1,-1,-1
189,14,105.4,381.6,98,208.6,-1,-1,-1,-1
190,14,113.4,379.6,98.8,212.2,-1,-1,-1,-1
191,14,122,378.8,100,212,-1,-1,-1,-1
192,14,131.4,379,99.2,211.8,-1,-1,-1,-1
193,14,139.8,378.4,102,213.6,-1,-1,-1,-1
194,14,149.6,378.4,100.2,211.8,-1,-1,-1,-1
195,14,159.4,378.6,98.8,211,-1,-1,-1,-1
196,14,169.6,378.4,99,213.4,-1,-1,-1,-1
197,14,179.8,376.2,99.4,214.4,-1,-1,-1,-1
198,14,190,374.2,98.6,214.4,-1,-1,-1,-1
199,14,200.2,371,99.2,217.6,-1,-1,-1,-1
200,14,210.6,368.4,99.8,218,-1,-1,-1,-1
201,14,220.6,366,100.4,218.2,-1,-1,-1,-1
202,14,231.8,363.8,99.8,219.6,-1,-1,-1,-1
203,14,243,362.2,99.4,222,-1,-1,-1,-1
204,14,254.6,362.2,98.6,221.4,-1,-1,-1,-1
205,14,267.2,360.4,95.4,222.8,-1,-1,-1,-1
206,14,279.6,361.6,94.4,222.4,-1,-1,-1,-1
207,14,291.2,361.8,95.6,223.4,-1,-1,-1,-1
208,14,302.8,361.8,96.2,224.2,-1,-1,-1,-1
209,14,313.8,362.2,97.6,226.6,-1,-1,-1,-1
210,14,323,363.2,101.2,228.2,-1,-1,-1,-1
211,14,334.4,361.7,102.5,229.8,-1,-1,-1,-1
212,14,347.6,361.5,104.7,230,-1,-1,-1,-1
213,14,360.4,360.3,104.7,231.6,-1,-1,-1,-1
214,14,374,359.1,100.3,227,-1,-1,-1,-1
215,14,387.8,360.3,99.5,224.4,-1,-1,-1,-1
216,14,399.67,360,93.667,221.67,-1,-1,-1,-1
217,14,409,366,96,217,-1,-1,-1,-1
183,15,505,380,66,180,-1,-1,-1,-1
184,15,499,379,69.667,194.33,-1,-1,-1,-1
185,15,493.4,382.6,73.2,192.8,-1,-1,-1,-1
186,15,486.8,385,77.8,196.4,-1,-1,-1,-1
187,15,480.8,388.8,81.4,194.2,-1,-1,-1,-1
188,15,475,389.4,83.6,195.6,-1,-1,-1,-1
189,15,469.8,389.8,83.4,197.2,-1,-1,-1,-1
190,15,465.6,388.2,81.2,198.4,-1,-1,-1,-1
191,15,461.6,385.8,79,199.2,-1,-1,-1,-1
192,15,456.2,382.4,77.6,201.8,-1,-1,-1,-1
193,15,451.2,381.2,75.8,201.4,-1,-1,-1,-1
194,15,445.4,381.2,75.2,202,-1,-1,-1,-1
195,15,437.8,383,77.6,201,-1,-1,-1,-1
196,15,430.4,385.4,81,200,-1,-1,-1,-1
197,15,424.6,389,83.2,194.6,-1,-1,-1,-1
198,15,418.2,390.2,86.4,191,-1,-1,-1,-1
199,15,411.67,390.67,92.667,187.33,-1,-1,-1,-1
200,15,407,388,90,181,-1,-1,-1,-1
196,16,502,380,60,190,-1,-1,-1,-1
197,16,499.33,377.33,61.333,191.67,-1,-1,-1,-1
198,16,495.2,374.8,66.2,198.6,-1,-1,-1,-1
199,16,489.8,373.8,71.6,202,-1,-1,-1,-1
200,16,483.8,374.6,77.4,203,-1,-1,-1,-1
201,16,478.2,375.4,81.2,202.4,-1,-1,-1,-1
202,16,473.6,377.2,84,198,-1,-1,-1,-1
203,16,467.2,380.4,85.8,192.2,-1,-1,-1,-1
204,16,461.2,381.6,84.2,181.8,-1,-1,-1,-1
205,16,456,382.67,83,174,-1,-1,-1,-1
206,16,445,381,79,155,-1,-1,-1,-1
214,17,329,389,59,182,-1,-1,-1,-1
215,17,322.33,390,65.333,188.67,-1,-1,-1,-1
216,17,315,390.4,71.2,191.8,-1,-1,-1,-1
217,17,308,390.4,75,195,-1,-1,-1,-1
218,17,302.4,390.2,76.8,195.6,-1,-1,-1,-1
219,17,296.8,390.6,76.8,195.8,-1,-1,-1,-1
220,17,291.4,392.2,76,193.6,-1,-1,-1,-1
221,17,285.4,393.4,77.8,191.8,-1,-1,-1,-1
222,17,278.2,395.6,82.4,189.8,-1,-1,-1,-1
223,17,269,397.6,90,188.8,-1,-1,-1,-1
224,17,260.4,399.2,97.8,187,-1,-1,-1,-1
225,17,253,399,102.8,188.4,-1,-1,-1,-1
226,17,246.2,397.6,105.8,190.8,-1,-1,-1,-1
227,17,241.8,395.8,100.8,192.6,-1,-1,-1,-1
228,17,239,393.6,92.8,194.6,-1,-1,-1,-1
229,17,236.6,391.4,83.8,195.6,-1,-1,-1,-1
230,17,234,390.4,76.8,195.6,-1,-1,-1,-1
231,17,231.2,389.8,71.2,194.2,-1,-1,-1,-1
232,17,226.8,389.4,71.8,193.8,-1,-1,-1,-1
233,17,221.6,390,72.8,193.8,-1,-1,-1,-1
234,17,215.8,389.8,74.8,194.2,-1,-1,-1,-1
235,17,209.4,390,77.6,193.6,-1,-1,-1,-1
236,17,204.2,392.2,79.4,192,-1,-1,-1,-1
237,17,199.4,394.8,81,190,-1,-1,-1,-1
238,17,194.6,396.8,82.4,187.6,-1,-1,-1,-1
239,17,189.8,397.8,82.2,187.2,-1,-1,-1,-1
240,17,185.6,397,80.4,187.8,-1,-1,-1,-1
241,17,181.2,395.2,77.8,189,-1,-1,-1,-1
242,17,177.6,393.2,74.8,189.8,-1,-1,-1,-1
243,17,174.2,391.2,73,190,-1,-1,-1,-1
244,17,169.2,390.6,74.2,190,-1,-1,-1,-1
245,17,163.8,390.8,76,189.4,-1,-1,-1,-1
246,17,157.8,391.4,78.8,189.2,-1,-1,-1,-1
247,17,151.2,393,83.8,188.4,-1,-1,-1,-1
248,17,144.8,393.4,88,189,-1,-1,-1,-1
249,17,139.8,394.6,90.8,188,-1,-1,-1,-1
250,17,134.6,396.6,94.8,187,-1,-1,-1,-1
251,17,130,397.8,96.6,186.4,-1,-1,-1,-1
252,17,126.2,397.2,93.4,186.6,-1,-1,-1,-1
253,17,122.4,398.4,89.8,185,-1,-1,-1,-1
254,17,119.6,398,85,185.6,-1,-1,-1,-1
255,17,116.6,396.8,79,185.8,-1,-1,-1,-1
256,17,113,396.4,76.2,185.2,-1,-1,-1,-1
257,17,108.4,395.8,75.8,185.6,-1,-1,-1,-1
258,17,103.8,395.4,75.6,185.6,-1,-1,-1,-1
259,17,98.6,396.2,76.4,184.2,-1,-1,-1,-1
260,17,94,398.6,78.2,181.4,-1,-1,-1,-1
261,17,89.8,400.8,78.8,178.2,-1,-1,-1,-1
262,17,86.8,403.4,79,174.8,-1,-1,-1,-1
263,17,82.8,404.8,80.2,173.4,-1,-1,-1,-1
264,17,78.6,405.6,81.6,172.6,-1,-1,-1,-1
265,17,74.6,404.8,81.2,174,-1,-1,-1,-1
266,17,70.8,404.2,80.6,175,-1,-1,-1,-1
267,17,66.6,404,79.4,174.6,-1,-1,-1,-1
268,17,64.2,405,76.6,172.2,-1,-1,-1,-1
269,17,61.8,405.4,74.2,170.2,-1,-1,-1,-1
270,17,58.8,406.6,73.2,167.6,-1,-1,-1,-1
271,17,54.2,407.2,73.6,167,-1,-1,-1,-1
272,17,49.4,407,75.4,168,-1,-1,-1,-1
273,17,43.4,407,79.4,169.6,-1,-1,-1,-1
274,17,37,407.6,83.4,170.6,-1,-1,-1,-1
275,17,31,409.2,87.4,169.8,-1,-1,-1,-1
276,17,27.6,410.4,89,168.2,-1,-1,-1,-1
277,17,24.2,411.8,89.2,166.2,-1,-1,-1,-1
278,17,21,411.2,87.6,165.6,-1,-1,-1,-1
279,17,18.4,410,85.8,165.8,-1,-1,-1,-1
280,17,15.4,407,83.2,169.2,-1,-1,-1,-1
281,17,12.2,404,80.6,173,-1,-1,-1,-1
282,17,9.4,401,77.8,176.6,-1,-1,-1,-1
283,17,7.2,400.4,75.8,178.2,-1,-1,-1,-1
284,17,5.6,401.4,72.8,177.4,-1,-1,-1,-1
285,17,4.8,402.8,70,175.2,-1,-1,-1,-1
286,17,3.8,405.6,67.8,172.2,-1,-1,-1,-1
287,17,2.8,408.8,66.8,169,-1,-1,-1,-1
288,17,2,410.6,65.6,167.2,-1,-1,-1,-1
289,17,1.2,412,64.4,165.6,-1,-1,-1,-1
290,17,0.6,413,62.4,164.4,-1,-1,-1,-1
291,17,0.2,413,60,163.8,-1,-1,-1,-1
292,17,0,413,57.8,163.4,-1,-1,-1,-1
293,17,0,413.2,53.6,160.8,-1,-1,-1,-1
294,17,0,412.8,49,160,-1,-1,-1,-1
295,17,0,412.67,45,158.67,-1,-1,-1,-1
296,17,0,412,38,158,-1,-1,-1,-1
219,18,377,393,64,166,-1,-1,-1,-1
220,18,375,389.33,66,179.33,-1,-1,-1,-1
221,18,369.8,386.8,69.4,187.4,-1,-1,-1,-1
222,18,365.4,384.6,72,193.8,-1,-1,-1,-1
223,18,359.6,383.8,74.4,195.6,-1,-1,-1,-1
224,18,353.4,383,77,198,-1,-1,-1,-1
225,18,347.8,383,78.2,198.4,-1,-1,-1,-1
226,18,341.2,383.4,81,198.4,-1,-1,-1,-1
227,18,333.2,384.8,85.2,198,-1,-1,-1,-1
228,18,325.2,385.8,91,198,-1,-1,-1,-1
229,18,317.2,387.4,97.6,196.4,-1,-1,-1,-1
230,18,310.8,388.8,102.2,194.6,-1,-1,-1,-1
231,18,304.2,390.6,106.8,191.4,-1,-1,-1,-1
232,18,299.8,391.4,106.6,189.6,-1,-1,-1,-1
233,18,296.4,391.4,103.8,188.4,-1,-1,-1,-1
234,18,293.2,390.8,100.2,188.6,-1,-1,-1,-1
235,18,289,390.2,97,188,-1,-1,-1,-1
236,18,286.6,388,89.8,190,-1,-1,-1,-1
237,18,282.4,386.4,86.4,190.4,-1,-1,-1,-1
238,18,277.8,385.6,83.8,190.6,-1,-1,-1,-1
239,18,272.8,384.8,81.2,191,-1,-1,-1,-1
240,18,268,384.4,79.6,191,-1,-1,-1,-1
241,18,263,385.4,79.6,189.6,-1,-1,-1,-1
242,18,257.8,386.2,81.2,190.4,-1,-1,-1,-1
243,18,253.2,386.8,82,190.4,-1,-1,-1,-1
244,18,248.2,388.8,84,188.8,-1,-1,-1,-1
245,18,242.8,390.4,85.8,187.6,-1,-1,-1,-1
246,18,237.4,390.8,87.2,187.2,-1,-1,-1,-1
247,18,234.2,391.6,84.4,185.4,-1,-1,-1,-1
248,18,231,392.2,80.8,183.6,-1,-1,-1,-1
249,18,227.2,390.6,77,183.4,-1,-1,-1,-1
250,18,224.2,388.8,73.4,182.8,-1,-1,-1,-1
251,18,219.8,388.2,72,181.8,-1,-1,-1,-1
252,18,214.8,387.4,72.4,181.6,-1,-1,-1,-1
253,18,209.8,386.6,74.4,183.4,-1,-1,-1,-1
254,18,206.2,387.4,75.6,184.4,-1,-1,-1,-1
255,18,199.6,388.4,80,185.8,-1,-1,-1,-1
256,18,194.2,389.2,83.4,187.4,-1,-1,-1,-1
257,18,188.8,390,87,187.6,-1,-1,-1,-1
258,18,182.8,391.4,90.4,186.2,-1,-1,-1,-1
259,18,177,392.2,93.6,185.2,-1,-1,-1,-1
260,18,173.2,393.2,94.2,183.8,-1,-1,-1,-1
261,18,170.4,393.6,93,181.8,-1,-1,-1,-1
262,18,166,393.8,91.6,180.4,-1,-1,-1,-1
263,18,162,393.6,89.8,179.6,-1,-1,-1,-1
264,18,157.8,392.8,87.2,179.4,-1,-1,-1,-1
265,18,154,391.8,83.4,179.6,-1,-1,-1,-1
266,18,148.8,391.8,81.8,180.2,-1,-1,-1,-1
267,18,145.4,391,79.4,181.6,-1,-1,-1,-1
268,18,142.4,391.2,77.4,182.2,-1,-1,-1,-1
269,18,139,392,76.8,181.8,-1,-1,-1,-1
270,18,134.6,393.8,78.8,180.4,-1,-1,-1,-1
271,18,131.2,394.4,78.8,179.4,-1,-1,-1,-1
272,18,127.8,395.2,79.4,178,-1,-1,-1,-1
273,18,124.2,394.8,79.6,177.4,-1,-1,-1,-1
274,18,121.2,395,79,176.8,-1,-1,-1,-1
275,18,119,396,76.6,175.4,-1,-1,-1,-1
276,18,117,396.4,74.2,174,-1,-1,-1,-1
277,18,114,397,72.4,172,-1,-1,-1,-1
278,18,110.4,397.8,72.2,171.2,-1,-1,-1,-1
279,18,106.8,398.6,72.4,170.6,-1,-1,-1,-1
280,18,103.2,397.8,73.2,172.2,-1,-1,-1,-1
281,18,99.4,397.8,74.8,173.2,-1,-1,-1,-1
282,18,95.8,398.4,77.6,174.6,-1,-1,-1,-1
283,18,92.8,399.6,79.4,173.6,-1,-1,-1,-1
284,18,89.8,400.6,81.2,172.6,-1,-1,-1,-1
285,18,86.8,402.2,82.8,170.6,-1,-1,-1,-1
286,18,83.2,403.4,84.6,169.4,-1,-1,-1,-1
287,18,79,404.8,86.2,167,-1,-1,-1,-1
288,18,76.4,405.2,84.4,165.6,-1,-1,-1,-1
289,18,74,404.8,82.6,164.8,-1,-1,-1,-1
290,18,72,403.4,80.6,165,-1,-1,-1,-1
291,18,70.6,402.4,78.2,165.2,-1,-1,-1,-1
292,18,70,401,74.6,166.6,-1,-1,-1,-1
293,18,67.6,401.2,74.8,167,-1,-1,-1,-1
294,18,64.8,401.8,75.2,167.2,-1,-1,-1,-1
295,18,61,403.2,76.8,166.2,-1,-1,-1,-1
296,18,57.2,405.6,78.4,164,-1,-1,-1,-1
297,18,53.4,407.2,80.4,162,-1,-1,-1,-1
298,18,49.8,407.8,81.2,160.2,-1,-1,-1,-1
299,18,46.6,407.8,81.4,159,-1,-1,-1,-1
300,18,44.2,408.6,80.4,157.4,-1,-1,-1,-1
301,18,41.4,408.2,79.8,157.6,-1,-1,-1,-1
302,18,38.6,408.6,79.4,157,-1,-1,-1,-1
303,18,36,407,77.8,158.6,-1,-1,-1,-1
304,18,33,406,76.4,159.4,-1,-1,-1,-1
305,18,29.8,403.6,75.6,162.4,-1,-1,-1,-1
306,18,26.4,402.2,75.4,163.6,-1,-1,-1,-1
307,18,23,400.2,75,166.2,-1,-1,-1,-1
308,18,18.6,400.4,78.2,166.6,-1,-1,-1,-1
309,18,14.8,401.2,80.8,166,-1,-1,-1,-1
310,18,11,403,83.4,163.8,-1,-1,-1,-1
311,18,7.8,406.2,85.2,160.6,-1,-1,-1,-1
312,18,5.4,409.6,85.2,156.6,-1,-1,-1,-1
313,18,4.2,412.6,83.4,154,-1,-1,-1,-1
314,18,3.2,414.2,80.8,152.6,-1,-1,-1,-1
315,18,2.8,414.4,76.2,152.4,-1,-1,-1,-1
316,18,3,412.4,70.6,154.4,-1,-1,-1,-1
317,18,2.8,410.4,66.6,156.8,-1,-1,-1,-1
318,18,2.4,409.2,62.6,157.6,-1,-1,-1,-1
319,18,1.8,410,59.6,157,-1,-1,-1,-1
320,18,1.2,411.4,57.8,155.6,-1,-1,-1,-1
321,18,0.4,413.8,57.2,152.6,-1,-1,-1,-1
322,18,0,414.8,55.6,150.2,-1,-1,-1,-1
323,18,0.4,417.8,52.6,145.4,-1,-1,-1,-1
324,18,0.4,419.4,51,142,-1,-1,-1,-1
325,18,0.4,420.8,48.8,138.6,-1,-1,-1,-1
326,18,0.4,421,45.8,136.4,-1,-1,-1,-1
327,18,0,422.67,44.333,133.33,-1,-1,-1,-1
328,18,0,421,40,133,-1,-1,-1,-1
242,19,869,332,79,240,-1,-1,-1,-1
243,19,871,326.33,91.667,259,-1,-1,-1,-1
244,19,874.6,327.8,102.6,257.6,-1,-1,-1,-1
245,19,877.6,328.2,114.6,258,-1,-1,-1,-1
246,19,882.6,330.6,123.2,254.2,-1,-1,-1,-1
247,19,889.4,330.2,131,252,-1,-1,-1,-1
248,19,899,330.4,135.2,251.4,-1,-1,-1,-1
249,19,909.4,329.6,134.8,252.2,-1,-1,-1,-1
250,19,922.4,328.4,131.6,254.2,-1,-1,-1,-1
251,19,934.6,328.6,124,254.4,-1,-1,-1,-1
252,19,946.8,329.6,114.6,254.8,-1,-1,-1,-1
253,19,959,329.6,104.6,255.4,-1,-1,-1,-1
254,19,970,331,91.667,255.67,-1,-1,-1,-1
255,19,985,330,82,257,-1,-1,-1,-1
258,20,1498,365,61,224,-1,-1,-1,-1
259,20,1481.7,358,77.333,229.67,-1,-1,-1,-1
260,20,1477,356,82,231.6,-1,-1,-1,-1
261,20,1471,354.2,88,233.6,-1,-1,-1,-1
262,20,1468.6,352.2,90.4,237,-1,-1,-1,-1
263,20,1465,353,93.4,236.8,-1,-1,-1,-1
264,20,1461,352.2,95,237.2,-1,-1,-1,-1
265,20,1456.6,352.8,95,236.2,-1,-1,-1,-1
266,20,1450.6,352.6,95,235.4,-1,-1,-1,-1
267,20,1445.8,353.6,92.8,231.8,-1,-1,-1,-1
268,20,1441.8,352.6,87.2,219.8,-1,-1,-1,-1
269,20,1437,352.67,83.333,211,-1,-1,-1,-1
270,20,1436,349,72,176,-1,-1,-1,-1
258,21,1102,317,112,249,-1,-1,-1,-1
259,21,1108.3,316.33,112.67,251,-1,-1,-1,-1
260,21,1112.2,314.2,123,256.2,-1,-1,-1,-1
261,21,1118.8,314.8,128.2,259.2,-1,-1,-1,-1
262,21,1124.8,314.8,137.4,264.2,-1,-1,-1,-1
263,21,1133.4,315.6,142.2,266.2,-1,-1,-1,-1
264,21,1144.4,316.6,147,267.8,-1,-1,-1,-1
265,21,1160.4,316.8,146,270.6,-1,-1,-1,-1
266,21,1175.4,316.6,145.6,271.8,-1,-1,-1,-1
267,21,1195.4,316,143.2,272.6,-1,-1,-1,-1
268,21,1211.6,315.8,143.2,273.4,-1,-1,-1,-1
269,21,1224.8,316.2,132.2,273.6,-1,-1,-1,-1
270,21,1239.2,316.4,132,275.4,-1,-1,-1,-1
271,21,1253.2,315.2,133.6,277.8,-1,-1,-1,-1
272,21,1265.4,314,135.2,279.8,-1,-1,-1,-1
273,21,1281.2,311.6,136.2,280.6,-1,-1,-1,-1
274,21,1298.4,310,148.6,280.2,-1,-1,-1,-1
275,21,1313.8,309,152.6,277.6,-1,-1,-1,-1
276,21,1333.4,306.4,157.8,275.8,-1,-1,-1,-1
277,21,1346.8,306.2,161.2,276,-1,-1,-1,-1
278,21,1360.8,306,163,274.2,-1,-1,-1,-1
279,21,1380,305,157.2,275.4,-1,-1,-1,-1
280,21,1393.8,303.2,153,278.4,-1,-1,-1,-1
281,21,1404.4,304.2,144.6,280,-1,-1,-1,-1
282,21,1420.6,303.4,134.2,282.8,-1,-1,-1,-1
283,21,1434.8,304.8,122.4,283.8,-1,-1,-1,-1
284,21,1445.9,306.5,112.7,276.8,-1,-1,-1,-1
285,21,1461.5,308.7,97.5,262.4,-1,-1,-1,-1
286,21,1476.5,311.5,82.5,245,-1,-1,-1,-1
287,21,1494,312,65,214,-1,-1,-1,-1
281,22,1336,355,86,195,-1,-1,-1,-1
282,22,1325,356.33,87.333,209,-1,-1,-1,-1
283,22,1309,358.6,101.6,218.2,-1,-1,-1,-1
284,22,1295.2,360.4,111.8,225.8,-1,-1,-1,-1
285,22,1282.8,361.8,123,231.4,-1,-1,-1,-1
286,22,1272.6,363.6,131.6,230.4,-1,-1,-1,-1
287,22,1265.4,363.6,134.4,231.2,-1,-1,-1,-1
288,22,1261.6,362.2,130.8,231.8,-1,-1,-1,-1
289,22,1258.8,360.6,123.4,231.6,-1,-1,-1,-1
290,22,1256.2,360,113.2,231.6,-1,-1,-1,-1
291,22,1253.4,358.2,102.8,233.6,-1,-1,-1,-1
292,22,1248.2,356.6,95,234.8,-1,-1,-1,-1
293,22,1242.6,355.2,89.8,235,-1,-1,-1,-1
294,22,1235.2,356.2,89.8,234.8,-1,-1,-1,-1
295,22,1222.8,355.4,97.8,236,-1,-1,-1,-1
296,22,1207.6,355.4,109,235.6,-1,-1,-1,-1
297,22,1194.2,361.2,120.6,228.4,-1,-1,-1,-1
298,22,1181.8,364.4,131.6,225.2,-1,-1,-1,-1
299,22,1171,367.2,140.6,222.6,-1,-1,-1,-1
300,22,1164.6,369.2,142.8,220,-1,-1,-1,-1
301,22,1162.8,372.8,138,216.6,-1,-1,-1,-1
302,22,1161,371.4,129,219.6,-1,-1,-1,-1
303,22,1158.6,372.8,117.4,218,-1,-1,-1,-1
304,22,1156.2,369.8,104.8,220.4,-1,-1,-1,-1
305,22,1153.4,368.2,93,221.4,-1,-1,-1,-1
306,22,1148.2,364.6,86.2,225.2,-1,-1,-1,-1
307,22,1142.2,361.8,82.6,227.8,-1,-1,-1,-1
308,22,1135.6,360.2,83.4,229.4,-1,-1,-1,-1
309,22,1129,362,86,227.6,-1,-1,-1,-1
310,22,1122.8,365.2,89.8,225,-1,-1,-1,-1
311,22,1117.6,367.8,92.6,220.8,-1,-1,-1,-1
312,22,1113.2,369.8,96,217,-1,-1,-1,-1
313,22,1109,371.4,96.6,214.6,-1,-1,-1,-1
314,22,1105,371.67,96.333,211.67,-1,-1,-1,-1
315,22,1099,372,95,212,-1,-1,-1,-1
401,23,493,412,75,178,-1,-1,-1,-1
402,23,494.67,420.67,70,167.67,-1,-1,-1,-1
403,23,494.1,415.5,68.7,173.1,-1,-1,-1,-1
404,23,492.9,416.1,68.3,172.1,-1,-1,-1,-1
405,23,490.5,412.3,68.3,176.3,-1,-1,-1,-1
406,23,487.7,405.9,69.7,183.5,-1,-1,-1,-1
407,23,484,401,71.4,188.6,-1,-1,-1,-1
408,23,479.4,398.6,72.4,191.4,-1,-1,-1,-1
409,23,475,393.2,73.2,198,-1,-1,-1,-1
410,23,468,392.2,78.8,198.2,-1,-1,-1,-1
411,23,460.4,396,85,194.2,-1,-1,-1,-1
412,23,452.4,399.6,92,190.4,-1,-1,-1,-1
413,23,445.2,400.8,97.8,188.4,-1,-1,-1,-1
414,23,438,402.8,102,185.8,-1,-1,-1,-1
415,23,432.4,402.4,102.4,186.6,-1,-1,-1,-1
416,23,428.4,400.6,98.8,188.6,-1,-1,-1,-1
417,23,424.8,398.4,92.8,190.6,-1,-1,-1,-1
418,23,421,396.8,88,192.8,-1,-1,-1,-1
419,23,417,395,83,194.6,-1,-1,-1,-1
420,23,413.4,393,77.6,196.8,-1,-1,-1,-1
421,23,409,391,75.2,199.2,-1,-1,-1,-1
422,23,404.6,390.6,74.8,200.8,-1,-1,-1,-1
423,23,399.2,392.4,76.4,198.6,-1,-1,-1,-1
424,23,393.4,392.6,80,198.6,-1,-1,-1,-1
425,23,387.6,393.8,84.6,197.8,-1,-1,-1,-1
426,23,381.4,396.6,89.6,195.2,-1,-1,-1,-1
427,23,375.4,398.4,93.2,192.6,-1,-1,-1,-1
428,23,370.2,397.4,94.8,193.2,-1,-1,-1,-1
429,23,367,397.8,93.4,192.2,-1,-1,-1,-1
430,23,363.4,396.4,91.2,192.4,-1,-1,-1,-1
431,23,360.2,394.8,87,192,-1,-1,-1,-1
432,23,357.6,393.4,82.6,192,-1,-1,-1,-1
433,23,355.4,393.4,77,192.2,-1,-1,-1,-1
434,23,352,392.6,73.6,193,-1,-1,-1,-1
435,23,349.4,393.8,70.4,192.2,-1,-1,-1,-1
436,23,345.2,393.2,70.6,193.4,-1,-1,-1,-1
437,23,339.6,392.8,72.8,194.4,-1,-1,-1,-1
438,23,332.4,394,78.6,193.2,-1,-1,-1,-1
439,23,325,396.2,85.4,190.4,-1,-1,-1,-1
440,23,317.4,397.8,92.2,188.8,-1,-1,-1,-1
441,23,312,399.8,96.4,187.2,-1,-1,-1,-1
442,23,307.4,401.8,98,186,-1,-1,-1,-1
443,23,305,403.6,94.4,183.6,-1,-1,-1,-1
444,23,303,405,89.4,182.4,-1,-1,-1,-1
445,23,300.6,406.2,83.6,181.6,-1,-1,-1,-1
446,23,297.8,406.8,77,181,-1,-1,-1,-1
447,23,294.6,408.6,72.8,178.4,-1,-1,-1,-1
448,23,290.4,408.6,72.6,178.8,-1,-1,-1,-1
449,23,285.2,409,74,178.8,-1,-1,-1,-1
450,23,279.8,409,77.6,178,-1,-1,-1,-1
451,23,274.6,409.4,82,177,-1,-1,-1,-1
452,23,269.6,409,86,177.4,-1,-1,-1,-1
453,23,264.6,409.4,88.6,176.6,-1,-1,-1,-1
454,23,261,410.2,88.8,175.2,-1,-1,-1,-1
455,23,258,409.8,87.2,175,-1,-1,-1,-1
456,23,254.8,408.4,85.2,176.2,-1,-1,-1,-1
457,23,252.4,406.8,81.6,177.8,-1,-1,-1,-1
458,23,249.6,405.8,79.2,178.2,-1,-1,-1,-1
459,23,246.6,403.6,77,180,-1,-1,-1,-1
460,23,244.2,403,74.2,180.6,-1,-1,-1,-1
461,23,241.4,402.6,72.6,181.2,-1,-1,-1,-1
462,23,237.8,403,72.8,180.6,-1,-1,-1,-1
463,23,233.2,403.2,75.2,180.6,-1,-1,-1,-1
464,23,228.4,404.4,77.8,179.8,-1,-1,-1,-1
465,23,223,406.2,81.6,178.6,-1,-1,-1,-1
466,23,218.8,406.2,83,178.8,-1,-1,-1,-1
467,23,215,406.4,83.8,178.8,-1,-1,-1,-1
468,23,212,406.4,81.8,179.2,-1,-1,-1,-1
469,23,209.8,407.2,78.2,177.8,-1,-1,-1,-1
470,23,208.4,407,73.2,177.2,-1,-1,-1,-1
471,23,206,407.8,70.6,175.4,-1,-1,-1,-1
472,23,203,407.8,68.2,173.8,-1,-1,-1,-1
473,23,200,408,67.2,172.2,-1,-1,-1,-1
474,23,195.6,407.4,69.6,172,-1,-1,-1,-1
475,23,191,407.2,72.2,172.6,-1,-1,-1,-1
476,23,186.6,408.8,74.2,170.2,-1,-1,-1,-1
477,23,182.8,410,75.8,169.8,-1,-1,-1,-1
478,23,179.8,411.4,76.6,169.4,-1,-1,-1,-1
479,23,177.6,411.8,76,169.2,-1,-1,-1,-1
480,23,174.8,411.4,75.8,169,-1,-1,-1,-1
481,23,172,409.8,76,171.4,-1,-1,-1,-1
482,23,169.4,408.6,75.6,172.2,-1,-1,-1,-1
483,23,166.4,406.8,75,173,-1,-1,-1,-1
484,23,163.6,406,74,173.6,-1,-1,-1,-1
485,23,161.4,406,72.8,173.8,-1,-1,-1,-1
486,23,158.6,405.8,72.2,174.2,-1,-1,-1,-1
487,23,155.6,406.2,71.8,174.6,-1,-1,-1,-1
488,23,152,407.2,73.4,173.6,-1,-1,-1,-1
489,23,147.4,408.4,76.2,172.4,-1,-1,-1,-1
490,23,143,410,78.6,170,-1,-1,-1,-1
491,23,139.4,411.6,79.4,168,-1,-1,-1,-1
492,23,136,412.8,79.8,166,-1,-1,-1,-1
493,23,133.4,413.4,78,165.2,-1,-1,-1,-1
494,23,130.8,413,75.2,165.8,-1,-1,-1,-1
495,23,128.2,412.6,72.2,166.2,-1,-1,-1,-1
496,23,125.4,413,70,166,-1,-1,-1,-1
497,23,122.6,412.4,68,165.8,-1,-1,-1,-1
498,23,120,412.2,66.2,165.8,-1,-1,-1,-1
499,23,117.6,412.6,65.2,164.8,-1,-1,-1,-1
500,23,114.2,412.4,66.2,164.8,-1,-1,-1,-1
501,23,111,412.8,67.4,164,-1,-1,-1,-1
502,23,107.8,413.4,69.6,164,-1,-1,-1,-1
503,23,104,414.8,73,163.2,-1,-1,-1,-1
504,23,100.8,415.8,74.8,162.6,-1,-1,-1,-1
505,23,98,416,76,162.6,-1,-1,-1,-1
506,23,95.2,415.6,76,163.2,-1,-1,-1,-1
507,23,92.4,415.2,75.6,163.8,-1,-1,-1,-1
508,23,90,413.8,73.4,164.6,-1,-1,-1,-1
509,23,88,412.8,71.2,164.8,-1,-1,-1,-1
510,23,86.6,412,68.2,165.4,-1,-1,-1,-1
511,23,84.6,411.4,66.8,165.2,-1,-1,-1,-1
512,23,82.2,411,65.6,164.8,-1,-1,-1,-1
513,23,79.2,411.6,65.8,163.6,-1,-1,-1,-1
514,23,75.4,412,67.6,163,-1,-1,-1,-1
515,23,70.6,413.2,71.2,161.8,-1,-1,-1,-1
516,23,66,415,74.4,160.2,-1,-1,-1,-1
517,23,61.8,416.8,77.8,158.4,-1,-1,-1,-1
518,23,58.6,417.8,80.2,158,-1,-1,-1,-1
519,23,56.8,418,79,158.2,-1,-1,-1,-1
520,23,54.8,417.2,77,159.4,-1,-1,-1,-1
521,23,52.6,415.6,74.8,160.6,-1,-1,-1,-1
522,23,49.4,414,73.4,162,-1,-1,-1,-1
523,23,45.4,412.8,72.4,163.4,-1,-1,-1,-1
524,23,40.4,412,74.6,164,-1,-1,-1,-1
525,23,36.4,411.8,75.8,163.8,-1,-1,-1,-1
526,23,33.2,412.4,76.4,162.8,-1,-1,-1,-1
527,23,31,414,76.2,161.4,-1,-1,-1,-1
528,23,29.2,414.6,76,160.6,-1,-1,-1,-1
529,23,27.8,416,75,159.2,-1,-1,-1,-1
530,23,26.6,417.2,74,157.4,-1,-1,-1,-1
531,23,25.4,417.8,73.4,156.6,-1,-1,-1,-1
532,23,23.6,417.6,72.4,156.2,-1,-1,-1,-1
533,23,22.4,417.4,70.6,156,-1,-1,-1,-1
534,23,20,416,70,157.2,-1,-1,-1,-1
535,23,17.4,414.4,69,159.2,-1,-1,-1,-1
536,23,14.4,412.4,67.8,161.6,-1,-1,-1,-1
537,23,12.4,411,65.8,163.2,-1,-1,-1,-1
538,23,10.2,411.4,64,162.6,-1,-1,-1,-1
539,23,9.2,411.4,62.2,162.6,-1,-1,-1,-1
540,23,8,413.2,61,160.2,-1,-1,-1,-1
541,23,7.4,415,60,158.6,-1,-1,-1,-1
542,23,6.4,417,59.6,157.2,-1,-1,-1,-1
543,23,5.8,417.4,58.6,157.2,-1,-1,-1,-1
544,23,4.8,418.8,56.6,155.8,-1,-1,-1,-1
545,23,3.6,420,54.8,155.2,-1,-1,-1,-1
546,23,2.4,420.6,52.6,154.4,-1,-1,-1,-1
547,23,1.6,420.8,50,153.6,-1,-1,-1,-1
548,23,0.6,422.2,48,151.2,-1,-1,-1,-1
549,23,0,423.4,46.2,149.6,-1,-1,-1,-1
550,23,0,424,44.8,148.2,-1,-1,-1,-1
551,23,0,426.6,44.2,144.8,-1,-1,-1,-1
552,23,0,429.4,43.867,141.27,-1,-1,-1,-1
553,23,0,431.8,43.4,138.6,-1,-1,-1,-1
554,23,0,435,42.8,134.6,-1,-1,-1,-1
555,23,0,436.4,42.2,132,-1,-1,-1,-1
556,23,0,437.4,39.2,129.8,-1,-1,-1,-1
557,23,0,437.67,37,128.33,-1,-1,-1,-1
558,23,0,439,30,125,-1,-1,-1,-1
634,24,0,405,34,183,-1,-1,-1,-1
635,24,0,394.33,39,188.33,-1,-1,-1,-1
636,24,0,393,42.8,188.2,-1,-1,-1,-1
637,24,0,390.6,45.8,189.6,-1,-1,-1,-1
638,24,0,389.8,47.6,190.6,-1,-1,-1,-1
639,24,0,389,48.2,191,-1,-1,-1,-1
640,24,0,388.4,49.2,193.4,-1,-1,-1,-1
641,24,0.2,387.2,50.2,196.4,-1,-1,-1,-1
642,24,0.4,386.2,52,197.8,-1,-1,-1,-1
643,24,0.4,386.2,55.8,199,-1,-1,-1,-1
644,24,0.4,385.6,61.2,200.4,-1,-1,-1,-1
645,24,0.4,385.4,65.6,199.2,-1,-1,-1,-1
646,24,0.2,384.8,70.4,199,-1,-1,-1,-1
647,24,0,384,74.8,199.6,-1,-1,-1,-1
648,24,0,383.4,78.2,199.6,-1,-1,-1,-1
649,24,0,383,80.2,200.8,-1,-1,-1,-1
650,24,0.4,382.2,81.6,202.6,-1,-1,-1,-1
651,24,1,381.2,83.8,204.2,-1,-1,-1,-1
652,24,1.8,379,86.2,207.6,-1,-1,-1,-1
653,24,2.8,377,88.2,211,-1,-1,-1,-1
654,24,3.8,375.6,90.6,213,-1,-1,-1,-1
655,24,4.6,373.6,93.6,215.6,-1,-1,-1,-1
656,24,5.6,372.6,94.8,217.6,-1,-1,-1,-1
657,24,6.6,372.4,95.4,218.6,-1,-1,-1,-1
658,24,8,373.2,95.4,218.8,-1,-1,-1,-1
659,24,9.2,373.4,94.6,219.4,-1,-1,-1,-1
660,24,11,374,93.4,220,-1,-1,-1,-1
661,24,12.8,374.2,92.4,220.6,-1,-1,-1,-1
662,24,14.8,374.8,90.6,220.4,-1,-1,-1,-1
663,24,16.4,374,89.2,221,-1,-1,-1,-1
664,24,18.4,373.6,87.4,221.2,-1,-1,-1,-1
665,24,20,373.4,85.8,220.6,-1,-1,-1,-1
666,24,21.4,372.2,84,221.8,-1,-1,-1,-1
667,24,22.6,370.6,83.4,223.6,-1,-1,-1,-1
668,24,24,370.2,83,224.4,-1,-1,-1,-1
669,24,25.2,369.4,83.8,225.8,-1,-1,-1,-1
670,24,26.8,368.8,85.4,227,-1,-1,-1,-1
671,24,29.6,370,86.6,226,-1,-1,-1,-1
672,24,33.4,371.2,86.6,225.4,-1,-1,-1,-1
673,24,37,371.6,86.4,225.2,-1,-1,-1,-1
674,24,41.2,372.4,85.8,224.4,-1,-1,-1,-1
675,24,46,372.6,83.4,224.6,-1,-1,-1,-1
676,24,49.2,372.2,83.8,224.2,-1,-1,-1,-1
677,24,51.6,371.8,85.6,222.8,-1,-1,-1,-1
678,24,54,372.4,88.4,220.8,-1,-1,-1,-1
679,24,57.4,373.2,89.8,219.4,-1,-1,-1,-1
680,24,59,373,93.4,219.6,-1,-1,-1,-1
681,24,61,373,95,220.8,-1,-1,-1,-1
682,24,63.2,373.2,96,222.2,-1,-1,-1,-1
683,24,64.6,371.4,96.8,226,-1,-1,-1,-1
684,24,65.8,370.2,98,228.4,-1,-1,-1,-1
685,24,68.6,369.8,97,229.4,-1,-1,-1,-1
686,24,72.6,369.4,94.4,230,-1,-1,-1,-1
687,24,75.6,368.2,91.8,231.6,-1,-1,-1,-1
688,24,79.6,368.2,88.6,231.4,-1,-1,-1,-1
689,24,82.2,367.4,87.2,232.4,-1,-1,-1,-1
690,24,84.2,367.2,86.8,232.6,-1,-1,-1,-1
691,24,85.4,367.6,87.6,232.2,-1,-1,-1,-1
692,24,88.4,368,87.4,231.4,-1,-1,-1,-1
693,24,91.2,368.4,87.6,230.4,-1,-1,-1,-1
694,24,95,369,86,228.8,-1,-1,-1,-1
695,24,98.6,368.6,84.4,228.2,-1,-1,-1,-1
696,24,102,366.8,83.6,229,-1,-1,-1,-1
697,24,104.4,366.8,83.8,228.2,-1,-1,-1,-1
698,24,106.8,366.2,83.6,228.8,-1,-1,-1,-1
699,24,108.4,365.6,84,230,-1,-1,-1,-1
700,24,110,365.2,84.6,231.6,-1,-1,-1,-1
701,24,111.4,366.8,85.2,230,-1,-1,-1,-1
702,24,113,365.8,85.8,230.8,-1,-1,-1,-1
703,24,115.6,365.2,85.6,230.8,-1,-1,-1,-1
704,24,118.6,365.4,86,230,-1,-1,-1,-1
705,24,121.8,366.4,85.6,227.6,-1,-1,-1,-1
706,24,125.2,365.4,85.8,229,-1,-1,-1,-1
707,24,128.8,366.4,85.6,228.2,-1,-1,-1,-1
708,24,132.2,367.6,84.8,228,-1,-1,-1,-1
709,24,134.6,367.2,84.4,229,-1,-1,-1,-1
710,24,136.8,366.2,85.4,231,-1,-1,-1,-1
711,24,139.4,366.8,85,230.6,-1,-1,-1,-1
712,24,141.4,365.8,85.6,232.4,-1,-1,-1,-1
713,24,142.8,365.8,88.8,232.2,-1,-1,-1,-1
714,24,144.6,365.8,92.4,232,-1,-1,-1,-1
715,24,145.8,365.6,96.6,231.6,-1,-1,-1,-1
716,24,147.2,364,100.8,233.2,-1,-1,-1,-1
717,24,148.8,364,104.4,233.2,-1,-1,-1,-1
718,24,151.4,363.4,105.8,234,-1,-1,-1,-1
719,24,155,364,104.8,233.6,-1,-1,-1,-1
720,24,159.4,364.2,102,234.4,-1,-1,-1,-1
721,24,164,364.6,98.8,234.2,-1,-1,-1,-1
722,24,168.6,364.6,95.8,234.4,-1,-1,-1,-1
723,24,172.2,364.8,93.6,235.4,-1,-1,-1,-1
724,24,175.8,363.8,92,236.4,-1,-1,-1,-1
725,24,179.4,363.2,90.2,236.6,-1,-1,-1,-1
726,24,182.8,363.4,88.6,236.8,-1,-1,-1,-1
727,24,186.6,363.4,86,237.4,-1,-1,-1,-1
728,24,190.2,363,84,237.4,-1,-1,-1,-1
729,24,193,363.4,82.8,237.6,-1,-1,-1,-1
730,24,195.2,364,82.4,238,-1,-1,-1,-1
731,24,196.8,363.8,82.4,238.6,-1,-1,-1,-1
732,24,197.8,363.4,83.2,239,-1,-1,-1,-1
733,24,198.4,362.4,84.2,239.4,-1,-1,-1,-1
734,24,199,361.4,85.4,240.6,-1,-1,-1,-1
735,24,200,361.2,87,241,-1,-1,-1,-1
736,24,201,361.8,90.2,241.4,-1,-1,-1,-1
737,24,202.2,362.4,93.6,242.2,-1,-1,-1,-1
738,24,205.6,363.4,93.8,243.2,-1,-1,-1,-1
739,24,209.8,364.2,93.2,243.6,-1,-1,-1,-1
740,24,214.2,364.2,91.4,244.2,-1,-1,-1,-1
741,24,218.6,363.4,87.8,245.2,-1,-1,-1,-1
742,24,222.8,363,83.8,245.4,-1,-1,-1,-1
743,24,225.2,363.2,82.2,245.2,-1,-1,-1,-1
744,24,226.8,362.8,80.8,245.6,-1,-1,-1,-1
745,24,228,362.4,80.2,245.2,-1,-1,-1,-1
746,24,229.6,362.4,80.2,244.2,-1,-1,-1,-1
747,24,231.8,361.6,80.6,243.6,-1,-1,-1,-1
748,24,234.2,360,81.6,244.6,-1,-1,-1,-1
749,24,236.6,358.8,82.8,245.4,-1,-1,-1,-1
750,24,240.6,360.2,84,242.8,-1,-1,-1,-1
751,24,245.6,360.6,89.4,241.8,-1,-1,-1,-1
752,24,248.8,361.2,93.6,243,-1,-1,-1,-1
753,24,251,361.8,96.8,243.2,-1,-1,-1,-1
754,24,253.8,362,98.6,243.2,-1,-1,-1,-1
755,24,256.4,359.6,99,247.4,-1,-1,-1,-1
756,24,257.8,357.8,94.6,250.2,-1,-1,-1,-1
757,24,261.2,356.8,91.4,250.2,-1,-1,-1,-1
758,24,266.4,356.2,88.4,250.2,-1,-1,-1,-1
759,24,271.6,356.2,86.4,250.6,-1,-1,-1,-1
760,24,275.4,356.4,86.2,250.8,-1,-1,-1,-1
761,24,278.4,356.6,87.4,252.4,-1,-1,-1,-1
762,24,280.4,356,90,253.4,-1,-1,-1,-1
763,24,281.8,355.4,93.4,254.2,-1,-1,-1,-1
764,24,282.4,355,97.4,254.4,-1,-1,-1,-1
765,24,283.4,354.4,101.6,254,-1,-1,-1,-1
766,24,284.6,353.6,103.4,253.4,-1,-1,-1,-1
767,24,286.2,354,106.6,253.6,-1,-1,-1,-1
768,24,287.2,354.8,108.8,253.2,-1,-1,-1,-1
769,24,290,355.8,108.6,252.8,-1,-1,-1,-1
770,24,292.4,356.4,109.8,253,-1,-1,-1,-1
771,24,295.6,356.4,110.4,253.4,-1,-1,-1,-1
772,24,299.6,356.2,108.2,253,-1,-1,-1,-1
773,24,303,355,109.8,253.8,-1,-1,-1,-1
774,24,305,353.6,111.8,254.8,-1,-1,-1,-1
775,24,307,352.8,110.8,257,-1,-1,-1,-1
776,24,308.4,352.6,111,258.6,-1,-1,-1,-1
777,24,310,352,109.2,261.2,-1,-1,-1,-1
778,24,315.8,351.8,99.8,262.6,-1,-1,-1,-1
779,24,321.6,350.4,91.2,265.2,-1,-1,-1,-1
780,24,327.6,349.6,83.6,266.4,-1,-1,-1,-1
781,24,332.8,348.8,78.2,267,-1,-1,-1,-1
782,24,337.8,349.2,74.6,264.2,-1,-1,-1,-1
783,24,339.4,349.4,76,263.4,-1,-1,-1,-1
784,24,339.2,350.4,81.2,262.2,-1,-1,-1,-1
785,24,340.33,352,85.667,258.33,-1,-1,-1,-1
786,24,336,351,97,263,-1,-1,-1,-1
675,25,1,390,64,200,-1,-1,-1,-1
676,25,2,391.5,65,205.5,-1,-1,-1,-1
677,25,2,391.7,68,201.7,-1,-1,-1,-1
678,25,2.2,391.1,69.8,202.7,-1,-1,-1,-1
679,25,2.8,389.2,70.4,204.4,-1,-1,-1,-1
680,25,2.8,387,71.4,203.6,-1,-1,-1,-1
681,25,2.6,384,71.4,206.6,-1,-1,-1,-1
682,25,2.4,382.4,71.6,207,-1,-1,-1,-1
683,25,2.4,380.4,70.8,207.4,-1,-1,-1,-1
684,25,2.4,379,72,206.2,-1,-1,-1,-1
685,25,2.8,377,73.8,207.8,-1,-1,-1,-1
686,25,4.2,376.2,76.2,207.2,-1,-1,-1,-1
687,25,6.2,374.8,78.8,209.2,-1,-1,-1,-1
688,25,8,374,82,210.4,-1,-1,-1,-1
689,25,9.4,373,85,214.8,-1,-1,-1,-1
690,25,10.6,373.2,87.4,218.2,-1,-1,-1,-1
691,25,11.4,372.8,89.2,223.6,-1,-1,-1,-1
692,25,11.6,373.2,91.2,224.8,-1,-1,-1,-1
693,25,12.2,373.4,93,226,-1,-1,-1,-1
694,25,12.4,374.6,94.4,223,-1,-1,-1,-1
695,25,13.4,375.8,94.8,218.8,-1,-1,-1,-1
696,25,15,376.2,94.2,216,-1,-1,-1,-1
697,25,16.8,376.2,93.6,217.4,-1,-1,-1,-1
698,25,19.4,376.8,92,217.8,-1,-1,-1,-1
699,25,23.8,377.2,89.4,219.2,-1,-1,-1,-1
700,25,28.4,377,87,221.8,-1,-1,-1,-1
701,25,32,377.2,85.6,223.4,-1,-1,-1,-1
702,25,36.6,377,82.8,223.6,-1,-1,-1,-1
703,25,40.6,376.4,81.2,224.4,-1,-1,-1,-1
704,25,42.6,374.8,80.6,226,-1,-1,-1,-1
705,25,44.4,373.8,80.4,227,-1,-1,-1,-1
706,25,46.8,372.8,79.8,229,-1,-1,-1,-1
707,25,48.2,372.8,80.4,229.6,-1,-1,-1,-1
708,25,48.6,372.2,82,230.4,-1,-1,-1,-1
709,25,49,370.8,84.8,232.6,-1,-1,-1,-1
710,25,48.8,369,88.2,235,-1,-1,-1,-1
711,25,49,367.8,91.6,236.4,-1,-1,-1,-1
712,25,49,366,95.6,240.4,-1,-1,-1,-1
713,25,49.8,364.8,100,244.2,-1,-1,-1,-1
714,25,52,365.4,101.8,243,-1,-1,-1,-1
715,25,54.8,365.6,101.4,240,-1,-1,-1,-1
716,25,57.8,365.6,100.4,237.2,-1,-1,-1,-1
717,25,60.6,367,99.6,231,-1,-1,-1,-1
718,25,63.6,368.4,98,225.8,-1,-1,-1,-1
719,25,66.8,370.2,96.6,222,-1,-1,-1,-1
720,25,70.2,371.8,96.6,220.4,-1,-1,-1,-1
721,25,73.4,373,99,220,-1,-1,-1,-1
722,25,78.2,372.2,99.4,222.6,-1,-1,-1,-1
723,25,83.4,370.8,99.2,226.2,-1,-1,-1,-1
724,25,88.6,369,98.8,230.4,-1,-1,-1,-1
725,25,93.6,367.4,97.8,234,-1,-1,-1,-1
726,25,98.2,365.6,95.2,238.2,-1,-1,-1,-1
727,25,102.4,364.8,92.4,241.2,-1,-1,-1,-1
728,25,105.8,365.2,89.8,241.6,-1,-1,-1,-1
729,25,109,365.8,87.6,241,-1,-1,-1,-1
730,25,112,366.4,86.4,243.2,-1,-1,-1,-1
731,25,115.4,367.4,85.2,243.6,-1,-1,-1,-1
732,25,118.4,367.2,84.8,243.6,-1,-1,-1,-1
733,25,121.6,366.8,84.6,244.4,-1,-1,-1,-1
734,25,124.6,365.6,84,247.6,-1,-1,-1,-1
735,25,127.8,365.2,82.2,246.6,-1,-1,-1,-1
736,25,131.2,364.8,80,246.2,-1,-1,-1,-1
737,25,134.2,364.6,78.2,247.2,-1,-1,-1,-1
738,25,136.8,364.6,76.8,246.4,-1,-1,-1,-1
739,25,139,365,76.6,244.4,-1,-1,-1,-1
740,25,141.6,365.6,77,244,-1,-1,-1,-1
741,25,143.8,365.2,78.2,244.4,-1,-1,-1,-1
742,25,146.4,365.2,78.4,243.4,-1,-1,-1,-1
743,25,149.6,364.8,78,245,-1,-1,-1,-1
744,25,153.4,364.8,77.6,246,-1,-1,-1,-1
745,25,156.4,363.4,77,246.2,-1,-1,-1,-1
746,25,158.8,362.6,77.2,246,-1,-1,-1,-1
747,25,160.8,362,79.2,245,-1,-1,-1,-1
748,25,162.4,361.8,81.6,243,-1,-1,-1,-1
749,25,162.8,360.8,84.8,242.2,-1,-1,-1,-1
750,25,164,360.4,87.6,242.6,-1,-1,-1,-1
751,25,165.6,360.8,90.8,241.4,-1,-1,-1,-1
752,25,168.6,362.2,91.8,240.6,-1,-1,-1,-1
753,25,171.4,363.2,92.6,239.6,-1,-1,-1,-1
754,25,176,364.4,92.4,238.6,-1,-1,-1,-1
755,25,180.4,365.2,91.6,236.8,-1,-1,-1,-1
756,25,184.8,365.4,89.4,233.6,-1,-1,-1,-1
757,25,187,364.2,89.8,232.2,-1,-1,-1,-1
758,25,188.4,363,91.6,232.2,-1,-1,-1,-1
759,25,188,362.6,95.4,230.2,-1,-1,-1,-1
760,25,186.2,362.8,101,226.6,-1,-1,-1,-1
761,25,181.6,365.6,107.6,220.6,-1,-1,-1,-1
762,25,182.1,367.5,109.8,219.3,-1,-1,-1,-1
763,25,187.9,368.1,107.2,222.5,-1,-1,-1,-1
764,25,196.1,367.9,100.6,225.3,-1,-1,-1,-1
765,25,204.9,367.1,93.8,231.1,-1,-1,-1,-1
766,25,217.1,363.9,84,237.1,-1,-1,-1,-1
767,25,225.4,362.6,76.8,239.6,-1,-1,-1,-1
768,25,230,362.4,72.6,238.6,-1,-1,-1,-1
769,25,233,362.6,70.4,240.4,-1,-1,-1,-1
770,25,236.2,363.2,69,241,-1,-1,-1,-1
771,25,238.6,363,70.2,245.2,-1,-1,-1,-1
772,25,240.2,362.4,73,247.4,-1,-1,-1,-1
773,25,241,361.4,76.8,249.6,-1,-1,-1,-1
774,25,241.4,360.2,81.4,250.6,-1,-1,-1,-1
775,25,242.6,359.4,84.2,252,-1,-1,-1,-1
776,25,243.6,359,86.4,254.2,-1,-1,-1,-1
777,25,245.8,359.2,87,256.2,-1,-1,-1,-1
778,25,249,359.2,88.6,257.4,-1,-1,-1,-1
779,25,253.6,357.8,89.6,261.2,-1,-1,-1,-1
780,25,258.2,356.2,91.8,265,-1,-1,-1,-1
781,25,264,355,92.8,266.2,-1,-1,-1,-1
782,25,269.4,353.6,92.4,267.4,-1,-1,-1,-1
783,25,274.2,353.2,90.6,267.6,-1,-1,-1,-1
784,25,278.2,353,89.4,266.8,-1,-1,-1,-1
785,25,285.2,351.6,95.8,266.6,-1,-1,-1,-1
786,25,288.4,350,106.2,268.8,-1,-1,-1,-1
787,25,291.2,347.4,119,271.8,-1,-1,-1,-1
788,25,294.4,345.8,131.2,272.6,-1,-1,-1,-1
789,25,298.2,345.4,140.4,271.2,-1,-1,-1,-1
790,25,299.4,345.8,139.8,269.4,-1,-1,-1,-1
791,25,307.2,346.8,134.2,267.2,-1,-1,-1,-1
792,25,313.2,347.2,131,266.6,-1,-1,-1,-1
793,25,319.8,346.8,131.4,268.2,-1,-1,-1,-1
794,25,324.2,346.4,136.4,270.6,-1,-1,-1,-1
795,25,330.6,346.4,142.8,272,-1,-1,-1,-1
796,25,336.7,346,148.1,272.6,-1,-1,-1,-1
797,25,348.1,346.6,147.7,270.2,-1,-1,-1,-1
798,25,356.6,346,143.7,269.6,-1,-1,-1,-1
799,25,364.4,344.6,137.1,271.4,-1,-1,-1,-1
800,25,368.4,344.3,125.4,270.9,-1,-1,-1,-1
801,25,368.3,345.3,111.1,268.3,-1,-1,-1,-1
802,25,364.9,346.1,100.3,269.3,-1,-1,-1,-1
803,25,364.2,347.7,89.5,268.3,-1,-1,-1,-1
804,25,364.4,348.3,83.1,265.9,-1,-1,-1,-1
805,25,365.8,348,79.4,265.8,-1,-1,-1,-1
806,25,369.4,347.6,79.2,269.8,-1,-1,-1,-1
807,25,372.2,345.6,79.6,273.2,-1,-1,-1,-1
808,25,374.4,344.6,79.2,274.6,-1,-1,-1,-1
809,25,377.8,345.6,78.6,277.6,-1,-1,-1,-1
810,25,382,347.2,80,279.4,-1,-1,-1,-1
811,25,384.4,346.2,82.2,280.2,-1,-1,-1,-1
812,25,387,347.4,86,278.6,-1,-1,-1,-1
813,25,389.8,346.8,90.8,279.4,-1,-1,-1,-1
814,25,393.2,345.6,91.8,280.4,-1,-1,-1,-1
815,25,397,343.6,92.4,283.2,-1,-1,-1,-1
816,25,401.4,343.2,96.4,286.2,-1,-1,-1,-1
817,25,406.8,341.6,99.2,288.6,-1,-1,-1,-1
818,25,412,341,99.8,291,-1,-1,-1,-1
819,25,416.8,340.2,101.6,291.8,-1,-1,-1,-1
820,25,420.6,339.4,104.4,292.2,-1,-1,-1,-1
821,25,425,338.2,105.8,291.2,-1,-1,-1,-1
822,25,429.2,338.6,106,290.6,-1,-1,-1,-1
823,25,433,338.6,109.2,290.8,-1,-1,-1,-1
824,25,436.8,339.2,110.2,288.2,-1,-1,-1,-1
825,25,439.6,339.4,111.8,284.4,-1,-1,-1,-1
826,25,442.4,340.8,111.8,279,-1,-1,-1,-1
827,25,445.4,340.6,110.4,278.4,-1,-1,-1,-1
828,25,448.2,340.6,108.6,276.4,-1,-1,-1,-1
829,25,451.4,340.8,106,276.8,-1,-1,-1,-1
830,25,455.8,341,103.2,279.8,-1,-1,-1,-1
831,25,459.2,339.6,101.8,287.8,-1,-1,-1,-1
832,25,462.6,339.6,100.6,289.4,-1,-1,-1,-1
833,25,468,340.6,97.8,288.6,-1,-1,-1,-1
834,25,472,340.67,97.333,290,-1,-1,-1,-1
835,25,480,345,92,278,-1,-1,-1,-1
686,26,1449,315,110,243,-1,-1,-1,-1
687,26,1424.3,312.33,132.33,250,-1,-1,-1,-1
688,26,1400.6,313.6,142.8,246,-1,-1,-1,-1
689,26,1376.8,314.4,152.6,246.2,-1,-1,-1,-1
690,26,1354.2,316.4,156.8,244.2,-1,-1,-1,-1
691,26,1330.4,318.8,158.8,242.2,-1,-1,-1,-1
692,26,1306.8,320.8,158.4,240.6,-1,-1,-1,-1
693,26,1283.4,322.4,158.8,240.2,-1,-1,-1,-1
694,26,1260.4,324.2,158.2,237.6,-1,-1,-1,-1
695,26,1237,325.4,158.2,235.8,-1,-1,-1,-1
696,26,1215.4,326,155.4,235.6,-1,-1,-1,-1
697,26,1196,327.6,151.8,235.8,-1,-1,-1,-1
698,26,1177.2,328.8,147.2,236,-1,-1,-1,-1
699,26,1158.4,328.6,143.4,238,-1,-1,-1,-1
700,26,1143.8,329.6,135.2,238.4,-1,-1,-1,-1
701,26,1131.6,332.2,125.2,238,-1,-1,-1,-1
702,26,1122.2,337.6,111.2,229.6,-1,-1,-1,-1
703,26,1115.7,343,94.667,224,-1,-1,-1,-1
704,26,1114,358,71,195,-1,-1,-1,-1
736,27,470,361,94,199,-1,-1,-1,-1
737,27,459.67,362,104,207,-1,-1,-1,-1
738,27,448,363.2,107,206.8,-1,-1,-1,-1
739,27,435.2,365,112,207.8,-1,-1,-1,-1
740,27,421.6,366,114.6,205.6,-1,-1,-1,-1
741,27,410,367.2,113.6,203,-1,-1,-1,-1
742,27,397,369.6,113.8,199.8,-1,-1,-1,-1
743,27,382.8,369.8,114.8,198.8,-1,-1,-1,-1
744,27,370,372,114,194.8,-1,-1,-1,-1
745,27,356.4,374,113.4,192.4,-1,-1,-1,-1
746,27,345.2,376.2,111,189.8,-1,-1,-1,-1
747,27,334.8,378,108.6,187.8,-1,-1,-1,-1
748,27,327.4,380.4,102.4,185.8,-1,-1,-1,-1
749,27,320.6,379.8,96.2,185,-1,-1,-1,-1
750,27,316.2,381,88,184.2,-1,-1,-1,-1
751,27,310.67,382,80.333,182.33,-1,-1,-1,-1
752,27,307,384,71,182,-1,-1,-1,-1
765,28,153,381,81,171,-1,-1,-1,-1
766,28,142.33,385.67,85,166.67,-1,-1,-1,-1
767,28,133.4,387.4,85,161.8,-1,-1,-1,-1
768,28,124.8,389.2,85,157.2,-1,-1,-1,-1
769,28,117.6,389.6,83.4,155.6,-1,-1,-1,-1
770,28,109.2,390,82.4,154.6,-1,-1,-1,-1
771,28,100.8,389.6,81.6,154.2,-1,-1,-1,-1
772,28,93.8,389.4,81.2,154.6,-1,-1,-1,-1
773,28,85.2,389.4,82,155.4,-1,-1,-1,-1
774,28,77,389.8,82.2,154.2,-1,-1,-1,-1
775,28,68.2,389.2,83.6,154.4,-1,-1,-1,-1
776,28,61,389.4,83.8,156.4,-1,-1,-1,-1
777,28,53,389.6,84,157,-1,-1,-1,-1
778,28,45.8,390,83.2,157.8,-1,-1,-1,-1
779,28,37.8,390,84,158.6,-1,-1,-1,-1
780,28,31.4,389.8,83.2,159.8,-1,-1,-1,-1
781,28,24.6,390,82.4,159.8,-1,-1,-1,-1
782,28,18.6,391.2,81,159.2,-1,-1,-1,-1
783,28,13.2,391.6,80.4,159.4,-1,-1,-1,-1
784,28,9.6,393,77.4,159,-1,-1,-1,-1
785,28,7,395.4,72.6,157.4,-1,-1,-1,-1
786,28,5,397.4,67,155.2,-1,-1,-1,-1
787,28,3.2,397.6,63.2,155.8,-1,-1,-1,-1
788,28,2.4,399.4,57.8,154.2,-1,-1,-1,-1
789,28,1.3333,400,53,153.33,-1,-1,-1,-1
790,28,0,403,51,149,-1,-1,-1,-1
798,29,378,353,126,259,-1,-1,-1,-1
799,29,380,351,126.5,260,-1,-1,-1,-1
800,29,383.5,349,121,261.9,-1,-1,-1,-1
801,29,387.1,348.2,116.6,262.5,-1,-1,-1,-1
802,29,394.5,348,109.1,262.9,-1,-1,-1,-1
803,29,402.3,347.2,101.3,264.9,-1,-1,-1,-1
804,29,408.8,346.4,97,266.2,-1,-1,-1,-1
805,29,414.4,346.4,95.2,266.4,-1,-1,-1,-1
806,29,418,346.2,95.6,267.4,-1,-1,-1,-1
807,29,418.8,345,98.6,271,-1,-1,-1,-1
808,29,420.4,345.8,101,270.2,-1,-1,-1,-1
809,29,424.2,346.4,101.2,270.8,-1,-1,-1,-1
810,29,430.6,347.2,99,270.4,-1,-1,-1,-1
811,29,438.8,348,94.6,269.6,-1,-1,-1,-1
812,29,446.4,349.2,90.8,265,-1,-1,-1,-1
813,29,452.8,349.2,88,264,-1,-1,-1,-1
814,29,459.4,349.2,84.8,259.8,-1,-1,-1,-1
815,29,465.4,349.4,81.4,255.8,-1,-1,-1,-1
816,29,471,349,78.4,255.6,-1,-1,-1,-1
817,29,475.9,348.7,75.5,256.7,-1,-1,-1,-1
818,29,480.5,348.3,72.7,256.9,-1,-1,-1,-1
819,29,485.3,348.7,68.3,258.9,-1,-1,-1,-1
820,29,487.5,347.83,67.167,262.5,-1,-1,-1,-1
821,29,495,348,59,262,-1,-1,-1,-1
835,30,1494,312,65,294,-1,-1,-1,-1
836,30,1478.3,311.67,80.667,289.67,-1,-1,-1,-1
837,30,1469,315.4,90,270.6,-1,-1,-1,-1
838,30,1456.4,316.8,102.6,267.8,-1,-1,-1,-1
839,30,1447.6,317.6,111.4,265.6,-1,-1,-1,-1
840,30,1439.2,318.8,119.8,264.4,-1,-1,-1,-1
841,30,1435.4,318.8,123.4,263.8,-1,-1,-1,-1
842,30,1428.2,317.8,127.8,280,-1,-1,-1,-1
843,30,1425.8,317.2,125.2,281,-1,-1,-1,-1
844,30,1422.6,318.4,121.4,281.8,-1,-1,-1,-1
845,30,1420.2,317.6,115.2,283,-1,-1,-1,-1
846,30,1414.2,316.2,111.6,284.8,-1,-1,-1,-1
847,30,1406.6,315.4,110.2,285.6,-1,-1,-1,-1
848,30,1399,315.6,110.6,284.6,-1,-1,-1,-1
849,30,1385.4,315.3,119.5,283.9,-1,-1,-1,-1
850,30,1366.2,315.7,136.1,283.3,-1,-1,-1,-1
851,30,1349.2,317.3,150.9,280.3,-1,-1,-1,-1
852,30,1336.4,318.3,162.3,277.9,-1,-1,-1,-1
853,30,1323.8,318.9,172.5,277.1,-1,-1,-1,-1
854,30,1316.4,319.8,176.2,276.2,-1,-1,-1,-1
855,30,1314.6,320.2,172,276.2,-1,-1,-1,-1
856,30,1313,320.4,163.2,278.4,-1,-1,-1,-1
857,30,1308.6,321.2,156.6,278.6,-1,-1,-1,-1
858,30,1303.8,319.8,148,280.2,-1,-1,-1,-1
859,30,1297.2,319,140,280.4,-1,-1,-1,-1
860,30,1291.6,319.4,131,279,-1,-1,-1,-1
861,30,1284.4,318.6,127.4,278,-1,-1,-1,-1
862,30,1276.6,318.4,124.4,279,-1,-1,-1,-1
863,30,1268.2,320.4,124.8,275.8,-1,-1,-1,-1
864,30,1261.4,321.6,126,273.8,-1,-1,-1,-1
865,30,1252.6,322.8,130.6,273.4,-1,-1,-1,-1
866,30,1241.4,324.4,139.8,272.6,-1,-1,-1,-1
867,30,1232.6,324.8,149,271.2,-1,-1,-1,-1
868,30,1225.4,325.2,154,272,-1,-1,-1,-1
869,30,1220,326,155,274.4,-1,-1,-1,-1
870,30,1215.8,325,148.8,275.8,-1,-1,-1,-1
871,30,1214.8,324,137.4,276.8,-1,-1,-1,-1
872,30,1212.2,324.2,125.4,276.6,-1,-1,-1,-1
873,30,1209.6,324,114.2,276.8,-1,-1,-1,-1
874,30,1204.6,323.2,106,276,-1,-1,-1,-1
875,30,1198.8,323.6,104.8,275,-1,-1,-1,-1
876,30,1192.6,324.6,104.4,273.6,-1,-1,-1,-1
877,30,1186,324.6,104.2,273.8,-1,-1,-1,-1
878,30,1178.2,324.4,108.4,274.8,-1,-1,-1,-1
879,30,1169.8,325,114.6,274,-1,-1,-1,-1
880,30,1161.6,325.6,120.6,273.4,-1,-1,-1,-1
881,30,1153,325.6,127,273,-1,-1,-1,-1
882,30,1145.6,327,130.8,272.8,-1,-1,-1,-1
883,30,1138.8,328.4,131.8,270,-1,-1,-1,-1
884,30,1133.6,328.6,129.8,270,-1,-1,-1,-1
885,30,1129,329,126.6,269,-1,-1,-1,-1
886,30,1124.6,329,121.8,268.2,-1,-1,-1,-1
887,30,1119.6,328.4,119.6,266.6,-1,-1,-1,-1
888,30,1114.8,327.6,116.8,269,-1,-1,-1,-1
889,30,1111.2,326,111.4,268.6,-1,-1,-1,-1
890,30,1108.2,325.4,104.6,268.6,-1,-1,-1,-1
891,30,1105.8,326.4,98.4,266.2,-1,-1,-1,-1
892,30,1103.8,327.2,92.8,264.6,-1,-1,-1,-1
893,30,1104,331.2,86.6,257.2,-1,-1,-1,-1
894,30,1103.2,337.2,85.4,250.8,-1,-1,-1,-1
895,30,1102.2,344.6,84.2,242.4,-1,-1,-1,-1
896,30,1103,353.33,82.667,233.33,-1,-1,-1,-1
897,30,1100,364,82,224,-1,-1,-1,-1
905,31,874,319,95,300,-1,-1,-1,-1
906,31,875,319.33,98.667,300.67,-1,-1,-1,-1
907,31,875.8,315.8,102.4,305.4,-1,-1,-1,-1
908,31,877.4,313.2,104,312.8,-1,-1,-1,-1
909,31,879.6,312,105.8,318.4,-1,-1,-1,-1
910,31,883.6,312.8,106.2,320.6,-1,-1,-1,-1
911,31,887.4,311.8,110.8,325.6,-1,-1,-1,-1
912,31,891.2,310.8,117,327.6,-1,-1,-1,-1
913,31,894.6,310.6,125.8,325.8,-1,-1,-1,-1
914,31,898.6,308.8,131.2,324.6,-1,-1,-1,-1
915,31,901.6,306.8,135.6,324,-1,-1,-1,-1
916,31,904.6,306.6,134.6,324.6,-1,-1,-1,-1
917,31,905.8,306.8,133.6,326.4,-1,-1,-1,-1
918,31,907.1,308,132,326.3,-1,-1,-1,-1
919,31,907.3,309.8,133.8,325.3,-1,-1,-1,-1
920,31,912.5,310.6,133.4,327.1,-1,-1,-1,-1
921,31,921.7,312.2,130,322.7,-1,-1,-1,-1
922,31,933.7,312.2,123,317.9,-1,-1,-1,-1
923,31,945.8,311.8,115.4,313.2,-1,-1,-1,-1
924,31,958.4,311.2,106.2,309.4,-1,-1,-1,-1
925,31,965.6,310.2,101.2,306,-1,-1,-1,-1
926,31,970.6,308.2,98,307.8,-1,-1,-1,-1
927,31,974.67,309.33,96.333,305.33,-1,-1,-1,-1
928,31,981,305,92,316,-1,-1,-1,-1
947,32,1118,315,98,326,-1,-1,-1,-1
948,32,1118.7,313.33,108,328.67,-1,-1,-1,-1
949,32,1118.2,308.8,117.6,329.8,-1,-1,-1,-1
950,32,1118.6,306.2,127.4,331.8,-1,-1,-1,-1
951,32,1118.2,302.2,139.2,332.6,-1,-1,-1,-1
952,32,1118.4,299.6,151.8,338.4,-1,-1,-1,-1
953,32,1120.4,297.8,162.2,342.8,-1,-1,-1,-1
954,32,1121.8,296.8,172.6,342,-1,-1,-1,-1
955,32,1124.2,295.4,180.4,343.6,-1,-1,-1,-1
956,32,1126.4,293.8,184.4,343.2,-1,-1,-1,-1
957,32,1131.4,292,180.6,343.8,-1,-1,-1,-1
958,32,1136.4,290.4,178.6,344.8,-1,-1,-1,-1
959,32,1142.2,286.6,175.4,351,-1,-1,-1,-1
960,32,1147.2,284.6,172.8,353.4,-1,-1,-1,-1
961,32,1154.2,283.4,170.6,354.8,-1,-1,-1,-1
962,32,1160.6,281.8,171.2,356.2,-1,-1,-1,-1
963,32,1166.4,281,168.4,355,-1,-1,-1,-1
964,32,1173.6,281,163,350,-1,-1,-1,-1
965,32,1181.2,281,159.2,346,-1,-1,-1,-1
966,32,1189.4,283,154.6,346.4,-1,-1,-1,-1
967,32,1196,284.6,154.2,346.6,-1,-1,-1,-1
968,32,1201.6,285.2,158,349,-1,-1,-1,-1
969,32,1208,288.6,164.8,348.6,-1,-1,-1,-1
970,32,1212.6,290,175.8,349.8,-1,-1,-1,-1
971,32,1215.6,289.6,189.2,348.6,-1,-1,-1,-1
972,32,1218.4,291,201.2,344.6,-1,-1,-1,-1
973,32,1222.2,293.2,209.6,341.2,-1,-1,-1,-1
974,32,1224.8,293,214.6,340.8,-1,-1,-1,-1
975,32,1230,292.8,211.8,341.4,-1,-1,-1,-1
976,32,1233.8,292.8,208.4,342.8,-1,-1,-1,-1
977,32,1239,291.4,203.4,344.6,-1,-1,-1,-1
978,32,1246.2,289,197.4,349.4,-1,-1,-1,-1
979,32,1255.2,287,191,353.4,-1,-1,-1,-1
980,32,1264.2,285.6,186,353.4,-1,-1,-1,-1
981,32,1276.8,284.2,178.6,353.4,-1,-1,-1,-1
982,32,1288.4,283,170.2,356,-1,-1,-1,-1
983,32,1291.4,285,159.2,350,-1,-1,-1,-1
984,32,1295,288,146.8,343.2,-1,-1,-1,-1
985,32,1297.2,290.6,135.8,339.8,-1,-1,-1,-1
986,32,1298.6,292.8,124.8,336.8,-1,-1,-1,-1
987,32,1300.2,296,116.4,330.4,-1,-1,-1,-1
988,32,1307.6,295,114,331.2,-1,-1,-1,-1
989,32,1312.8,293.8,116.2,333.8,-1,-1,-1,-1
990,32,1319,289.8,132.8,339.6,-1,-1,-1,-1
991,32,1323.2,288.4,137.4,341.4,-1,-1,-1,-1
992,32,1327.2,286.4,142.4,343.6,-1,-1,-1,-1
993,32,1331.4,284.8,158.6,344.8,-1,-1,-1,-1
994,32,1336.4,281.4,172.8,347.2,-1,-1,-1,-1
995,32,1339.8,282.6,173.6,345.2,-1,-1,-1,-1
996,32,1345,280.8,186.6,344.8,-1,-1,-1,-1
997,32,1350.6,281,190.8,343.2,-1,-1,-1,-1
998,32,1356.6,281.6,189.2,341.8,-1,-1,-1,-1
999,32,1362.3,283.33,183,337.33,-1,-1,-1,-1
1000,32,1368,284,190,335,-1,-1,-1,-1
986,33,487,360,78,234,-1,-1,-1,-1
987,33,481.67,363,83,236,-1,-1,-1,-1
988,33,471.8,363,92.2,236,-1,-1,-1,-1
989,33,463.8,365.2,99.8,234.6,-1,-1,-1,-1
990,33,456.2,367.2,107,231.6,-1,-1,-1,-1
991,33,450.2,367.2,112,231,-1,-1,-1,-1
992,33,446.2,369.6,115.6,229.4,-1,-1,-1,-1
993,33,442.8,371.6,111.2,227,-1,-1,-1,-1
994,33,440.6,371.2,101.8,227.6,-1,-1,-1,-1
995,33,437.2,370,94.2,228.2,-1,-1,-1,-1
996,33,433.2,370.4,87.4,227.6,-1,-1,-1,-1
997,33,428.2,368.2,80.8,229.2,-1,-1,-1,-1
998,33,423.4,365.8,80.8,231.6,-1,-1,-1,-1
999,33,417.33,364.67,85.667,233.33,-1,-1,-1,-1
1000,33,412,363,89,236,-1,-1,-1,-1
