1,1,406,380,87,213,-1,-1,-1,-1
1,2,281,376,100,236,-1,-1,-1,-1
2,1,407,381,88,213,-1,-1,-1,-1
2,2,283,377,100,235,-1,-1,-1,-1
3,1,410,381,88,213,-1,-1,-1,-1
3,2,285,377,102,233,-1,-1,-1,-1
4,1,414,381,88,214,-1,-1,-1,-1
4,2,287,376,105,232,-1,-1,-1,-1
5,1,421,382,86,213,-1,-1,-1,-1
5,2,289,376,111,233,-1,-1,-1,-1
6,1,427,382,85,212,-1,-1,-1,-1
6,2,292,377,114,234,-1,-1,-1,-1
7,1,432,381,84,212,-1,-1,-1,-1
7,2,296,376,115,235,-1,-1,-1,-1
8,1,439,379,85,212,-1,-1,-1,-1
8,2,300,377,115,235,-1,-1,-1,-1
9,1,444,380,87,212,-1,-1,-1,-1
9,2,304,378,115,236,-1,-1,-1,-1
10,1,447,380,91,213,-1,-1,-1,-1
10,2,308,378,115,238,-1,-1,-1,-1
11,1,451,380,96,214,-1,-1,-1,-1
11,2,313,378,112,241,-1,-1,-1,-1
12,1,453,380,99,215,-1,-1,-1,-1
12,2,320,376,106,241,-1,-1,-1,-1
13,1,455,381,103,216,-1,-1,-1,-1
13,2,328,375,98,241,-1,-1,-1,-1
14,1,457,382,104,216,-1,-1,-1,-1
14,2,336,373,93,243,-1,-1,-1,-1
15,1,460,382,101,215,-1,-1,-1,-1
15,2,344,371,93,244,-1,-1,-1,-1
16,1,464,382,96,214,-1,-1,-1,-1
16,2,350,371,99,244,-1,-1,-1,-1
17,1,471,378,91,215,-1,-1,-1,-1
17,2,352,372,104,243,-1,-1,-1,-1
18,1,477,375,85,216,-1,-1,-1,-1
18,2,351,374,108,243,-1,-1,-1,-1
19,1,483,375,79,216,-1,-1,-1,-1
19,2,351,377,113,241,-1,-1,-1,-1
20,1,488,375,74,216,-1,-1,-1,-1
20,2,354,380,117,239,-1,-1,-1,-1
21,1,493,376,71,213,-1,-1,-1,-1
21,2,360,381,119,239,-1,-1,-1,-1
22,1,498,379,67,207,-1,-1,-1,-1
22,2,367,381,118,241,-1,-1,-1,-1
23,1,503,383,63,199,-1,-1,-1,-1
23,2,372,380,116,243,-1,-1,-1,-1
24,1,505,383,58,198,-1,-1,-1,-1
24,2,379,379,111,243,-1,-1,-1,-1
25,2,389,377,105,244,-1,-1,-1,-1
26,2,399,376,102,246,-1,-1,-1,-1
27,2,407,375,102,246,-1,-1,-1,-1
28,2,414,373,104,244,-1,-1,-1,-1
29,2,419,373,109,243,-1,-1,-1,-1
30,2,424,373,112,245,-1,-1,-1,-1
31,2,427,372,114,245,-1,-1,-1,-1
32,2,431,373,115,245,-1,-1,-1,-1
33,2,435,373,116,245,-1,-1,-1,-1
34,2,439,373,116,245,-1,-1,-1,-1
35,2,443,374,114,242,-1,-1,-1,-1
36,2,447,376,111,240,-1,-1,-1,-1
37,2,452,377,108,241,-1,-1,-1,-1
38,2,460,377,104,242,-1,-1,-1,-1
39,2,469,374,99,242,-1,-1,-1,-1
40,2,478,371,92,241,-1,-1,-1,-1
41,2,485,370,86,240,-1,-1,-1,-1
42,2,491,371,80,241,-1,-1,-1,-1
43,2,495,371,76,240,-1,-1,-1,-1
44,2,498,369,73,240,-1,-1,-1,-1
45,2,503,364,71,243,-1,-1,-1,-1
46,2,506,368,68,241,-1,-1,-1,-1
70,3,1503,345,55,248,-1,-1,-1,-1
71,3,1494,343,64,252,-1,-1,-1,-1
72,3,1475,333,83,262,-1,-1,-1,-1
73,3,1450,330,108,266,-1,-1,-1,-1
74,3,1437,331,121,267,-1,-1,-1,-1
75,3,1432,329,125,269,-1,-1,-1,-1
76,3,1430,325,127,268,-1,-1,-1,-1
77,3,1427,323,129,270,-1,-1,-1,-1
78,3,1425,322,129,273,-1,-1,-1,-1
79,3,1433,317,125,277,-1,-1,-1,-1
80,3,1446,311,113,279,-1,-1,-1,-1
80,4,1404,320,99,275,-1,-1,-1,-1
81,3,1449,309,102,278,-1,-1,-1,-1
81,4,1397,323,98,270,-1,-1,-1,-1
82,3,1443,310,97,274,-1,-1,-1,-1
82,4,1383,324,100,270,-1,-1,-1,-1
83,3,1435,313,97,270,-1,-1,-1,-1
83,4,1366,325,109,269,-1,-1,-1,-1
84,3,1425,317,99,268,-1,-1,-1,-1
84,4,1346,327,127,268,-1,-1,-1,-1
84,5,867,346,81,245,-1,-1,-1,-1
85,3,1414,321,105,266,-1,-1,-1,-1
85,4,1325,331,142,265,-1,-1,-1,-1
85,5,866,350,90,242,-1,-1,-1,-1
86,3,1399,323,113,265,-1,-1,-1,-1
86,4,1310,335,147,262,-1,-1,-1,-1
86,5,865,352,105,243,-1,-1,-1,-1
87,3,1388,325,120,267,-1,-1,-1,-1
87,4,1302,334,148,262,-1,-1,-1,-1
87,5,867,353,113,246,-1,-1,-1,-1
88,3,1378,327,126,270,-1,-1,-1,-1
88,4,1296,335,144,262,-1,-1,-1,-1
88,5,868,354,116,246,-1,-1,-1,-1
89,3,1364,327,132,272,-1,-1,-1,-1
89,4,1288,335,132,263,-1,-1,-1,-1
89,5,869,352,117,247,-1,-1,-1,-1
90,3,1345,327,138,274,-1,-1,-1,-1
90,4,1284,332,125,265,-1,-1,-1,-1
90,5,871,353,118,248,-1,-1,-1,-1
91,3,1322,328,143,272,-1,-1,-1,-1
91,5,874,356,118,249,-1,-1,-1,-1
92,3,1310,325,142,269,-1,-1,-1,-1
92,5,879,358,117,251,-1,-1,-1,-1
93,3,1307,321,131,270,-1,-1,-1,-1
93,5,889,359,113,253,-1,-1,-1,-1
94,3,1306,320,114,270,-1,-1,-1,-1
94,5,901,360,106,254,-1,-1,-1,-1
95,3,1303,322,101,266,-1,-1,-1,-1
95,5,911,359,99,255,-1,-1,-1,-1
96,3,1286,326,99,263,-1,-1,-1,-1
96,5,907,356,93,258,-1,-1,-1,-1
97,3,1261,331,107,261,-1,-1,-1,-1
97,5,898,356,88,260,-1,-1,-1,-1
98,3,1253,334,117,261,-1,-1,-1,-1
98,5,926,356,88,258,-1,-1,-1,-1
98,6,869,352,89,275,-1,-1,-1,-1
99,3,1230,338,130,259,-1,-1,-1,-1
99,5,947,357,91,256,-1,-1,-1,-1
99,6,872,355,93,272,-1,-1,-1,-1
100,3,1198,343,137,253,-1,-1,-1,-1
100,5,952,358,95,258,-1,-1,-1,-1
100,6,876,355,95,270,-1,-1,-1,-1
101,3,1170,347,134,249,-1,-1,-1,-1
101,5,957,358,98,262,-1,-1,-1,-1
101,6,881,355,97,272,-1,-1,-1,-1
101,7,1228,336,139,260,-1,-1,-1,-1
102,3,1157,348,125,247,-1,-1,-1,-1
102,5,962,358,96,266,-1,-1,-1,-1
102,6,887,357,99,273,-1,-1,-1,-1
102,7,1222,337,141,257,-1,-1,-1,-1
103,3,1150,346,115,247,-1,-1,-1,-1
103,5,967,357,92,270,-1,-1,-1,-1
103,6,894,360,103,275,-1,-1,-1,-1
103,7,1215,339,138,254,-1,-1,-1,-1
104,3,1144,343,104,247,-1,-1,-1,-1
104,5,971,355,88,272,-1,-1,-1,-1
104,6,901,359,106,277,-1,-1,-1,-1
104,7,1212,339,124,251,-1,-1,-1,-1
105,3,1140,341,95,247,-1,-1,-1,-1
105,5,978,353,84,273,-1,-1,-1,-1
105,6,907,356,110,278,-1,-1,-1,-1
105,7,1208,336,113,254,-1,-1,-1,-1
106,3,1134,340,90,247,-1,-1,-1,-1
106,5,997,351,74,272,-1,-1,-1,-1
106,6,915,355,111,279,-1,-1,-1,-1
106,7,1201,332,103,257,-1,-1,-1,-1
107,3,1124,342,88,246,-1,-1,-1,-1
107,5,1004,352,67,269,-1,-1,-1,-1
107,6,923,354,113,282,-1,-1,-1,-1
107,7,1193,329,93,256,-1,-1,-1,-1
108,3,1117,343,87,245,-1,-1,-1,-1
108,6,930,351,114,284,-1,-1,-1,-1
108,7,1184,328,88,255,-1,-1,-1,-1
109,3,1113,344,87,247,-1,-1,-1,-1
109,6,935,348,113,287,-1,-1,-1,-1
109,7,1176,332,88,255,-1,-1,-1,-1
110,3,1108,345,86,246,-1,-1,-1,-1
110,6,940,346,113,289,-1,-1,-1,-1
110,7,1168,334,91,257,-1,-1,-1,-1
111,3,1104,347,86,240,-1,-1,-1,-1
111,6,947,346,111,290,-1,-1,-1,-1
111,7,1155,333,99,258,-1,-1,-1,-1
112,6,955,346,107,292,-1,-1,-1,-1
112,7,1138,333,110,257,-1,-1,-1,-1
113,6,960,346,103,293,-1,-1,-1,-1
113,7,1125,335,120,255,-1,-1,-1,-1
114,6,964,349,101,293,-1,-1,-1,-1
114,7,1116,341,126,252,-1,-1,-1,-1
115,6,969,352,100,292,-1,-1,-1,-1
115,7,1111,345,127,251,-1,-1,-1,-1
116,6,977,354,98,289,-1,-1,-1,-1
116,7,1106,346,124,253,-1,-1,-1,-1
117,6,995,355,103,282,-1,-1,-1,-1
117,7,1100,347,119,257,-1,-1,-1,-1
118,6,1018,357,122,282,-1,-1,-1,-1
118,7,1095,352,110,261,-1,-1,-1,-1
119,7,1097,356,98,263,-1,-1,-1,-1
120,7,1101,356,90,264,-1,-1,-1,-1
121,7,1105,355,86,267,-1,-1,-1,-1
121,8,984,360,81,243,-1,-1,-1,-1
122,7,1109,355,85,269,-1,-1,-1,-1
122,8,971,353,99,250,-1,-1,-1,-1
123,7,1113,354,85,269,-1,-1,-1,-1
123,8,956,350,114,255,-1,-1,-1,-1
124,7,1116,353,86,271,-1,-1,-1,-1
124,8,946,351,118,252,-1,-1,-1,-1
125,7,1118,351,90,277,-1,-1,-1,-1
125,8,941,353,117,241,-1,-1,-1,-1
126,7,1120,349,98,287,-1,-1,-1,-1
126,8,937,353,115,235,-1,-1,-1,-1
127,7,1121,345,106,296,-1,-1,-1,-1
127,8,933,354,111,234,-1,-1,-1,-1
127,9,1,418,149,295,-1,-1,-1,-1
128,7,1117,345,109,299,-1,-1,-1,-1
128,8,926,353,105,235,-1,-1,-1,-1
128,9,1,409,151,347,-1,-1,-1,-1
129,7,1119,347,108,297,-1,-1,-1,-1
129,8,919,351,97,235,-1,-1,-1,-1
129,9,1,396,153,450,-1,-1,-1,-1
129,10,987,348,79,225,-1,-1,-1,-1
130,7,1139,345,117,293,-1,-1,-1,-1
130,8,914,349,89,236,-1,-1,-1,-1
130,9,0,383,152,554,-1,-1,-1,-1
130,10,984,347,78,229,-1,-1,-1,-1
131,7,1161,345,122,289,-1,-1,-1,-1
131,8,908,351,87,235,-1,-1,-1,-1
131,9,0,362,147,645,-1,-1,-1,-1
131,10,979,350,79,232,-1,-1,-1,-1
131,11,1118,352,98,294,-1,-1,-1,-1
132,7,1178,348,119,284,-1,-1,-1,-1
132,8,898,353,86,233,-1,-1,-1,-1
132,9,0,301,145,723,-1,-1,-1,-1
132,10,972,350,82,232,-1,-1,-1,-1
132,11,1120,349,105,299,-1,-1,-1,-1
133,7,1187,347,115,283,-1,-1,-1,-1
133,8,889,355,87,229,-1,-1,-1,-1
133,9,0,262,145,755,-1,-1,-1,-1
133,10,963,348,87,234,-1,-1,-1,-1
133,11,1123,344,109,301,-1,-1,-1,-1
134,7,1196,347,107,281,-1,-1,-1,-1
134,8,881,354,90,227,-1,-1,-1,-1
134,10,954,346,88,236,-1,-1,-1,-1
134,11,1129,342,112,296,-1,-1,-1,-1
134,12,1,254,172,803,-1,-1,-1,-1
135,7,1209,349,96,275,-1,-1,-1,-1
135,8,873,352,93,224,-1,-1,-1,-1
135,10,946,345,88,238,-1,-1,-1,-1
135,11,1134,338,119,297,-1,-1,-1,-1
135,12,1,243,190,828,-1,-1,-1,-1
136,7,1226,351,78,268,-1,-1,-1,-1
136,8,867,351,92,221,-1,-1,-1,-1
136,10,937,346,90,238,-1,-1,-1,-1
136,11,1143,338,123,300,-1,-1,-1,-1
136,12,1,230,214,847,-1,-1,-1,-1
137,7,1231,348,76,272,-1,-1,-1,-1
137,8,865,355,87,218,-1,-1,-1,-1
137,10,927,347,95,238,-1,-1,-1,-1
137,11,1152,340,125,302,-1,-1,-1,-1
137,12,1,224,238,854,-1,-1,-1,-1
138,8,869,359,82,219,-1,-1,-1,-1
138,10,914,348,104,239,-1,-1,-1,-1
138,11,1161,338,129,305,-1,-1,-1,-1
138,12,1,218,253,858,-1,-1,-1,-1
139,10,900,349,115,239,-1,-1,-1,-1
139,11,1173,333,139,310,-1,-1,-1,-1
139,12,3,206,261,866,-1,-1,-1,-1
140,10,890,349,122,238,-1,-1,-1,-1
140,11,1180,331,146,313,-1,-1,-1,-1
140,12,6,202,272,867,-1,-1,-1,-1
141,10,882,350,126,237,-1,-1,-1,-1
141,11,1182,333,145,314,-1,-1,-1,-1
141,12,7,205,284,861,-1,-1,-1,-1
142,10,875,350,127,236,-1,-1,-1,-1
142,11,1188,335,141,313,-1,-1,-1,-1
142,12,8,208,300,861,-1,-1,-1,-1
143,10,868,352,124,234,-1,-1,-1,-1
143,11,1197,336,141,311,-1,-1,-1,-1
143,12,11,204,318,867,-1,-1,-1,-1
144,10,865,351,116,229,-1,-1,-1,-1
144,11,1206,335,140,311,-1,-1,-1,-1
144,12,14,201,338,873,-1,-1,-1,-1
145,10,864,346,98,225,-1,-1,-1,-1
145,11,1218,333,150,312,-1,-1,-1,-1
145,12,16,194,362,880,-1,-1,-1,-1
145,13,0,725,105,353,-1,-1,-1,-1
146,10,865,343,89,225,-1,-1,-1,-1
146,11,1226,330,166,312,-1,-1,-1,-1
146,12,18,183,390,887,-1,-1,-1,-1
146,13,0,719,122,359,-1,-1,-1,-1
147,11,1231,327,180,311,-1,-1,-1,-1
147,12,22,177,413,892,-1,-1,-1,-1
147,13,0,748,140,330,-1,-1,-1,-1
148,11,1235,326,189,309,-1,-1,-1,-1
148,12,29,172,431,894,-1,-1,-1,-1
148,13,0,766,158,312,-1,-1,-1,-1
149,11,1241,325,193,310,-1,-1,-1,-1
149,12,45,164,454,902,-1,-1,-1,-1
149,13,2,767,176,311,-1,-1,-1,-1
150,11,1250,328,193,314,-1,-1,-1,-1
150,12,57,156,479,913,-1,-1,-1,-1
150,13,7,767,195,311,-1,-1,-1,-1
151,11,1260,328,189,320,-1,-1,-1,-1
151,12,72,156,493,919,-1,-1,-1,-1
151,13,12,770,218,309,-1,-1,-1,-1
152,11,1267,328,186,324,-1,-1,-1,-1
152,12,94,157,503,920,-1,-1,-1,-1
152,13,14,772,244,306,-1,-1,-1,-1
153,11,1274,327,188,324,-1,-1,-1,-1
153,12,112,158,512,917,-1,-1,-1,-1
153,13,13,774,270,304,-1,-1,-1,-1
154,11,1281,328,190,323,-1,-1,-1,-1
154,12,135,160,531,911,-1,-1,-1,-1
154,13,17,776,294,301,-1,-1,-1,-1
155,11,1290,328,190,322,-1,-1,-1,-1
155,12,156,160,548,907,-1,-1,-1,-1
155,13,31,778,315,300,-1,-1,-1,-1
156,11,1297,329,187,320,-1,-1,-1,-1
156,12,178,155,545,915,-1,-1,-1,-1
156,13,52,783,327,296,-1,-1,-1,-1
157,11,1307,328,183,320,-1,-1,-1,-1
157,12,204,147,525,923,-1,-1,-1,-1
157,13,74,790,335,290,-1,-1,-1,-1
157,14,5,388,75,166,-1,-1,-1,-1
158,11,1318,329,183,320,-1,-1,-1,-1
158,12,234,143,516,926,-1,-1,-1,-1
158,13,97,797,341,284,-1,-1,-1,-1
158,14,6,387,80,168,-1,-1,-1,-1
159,11,1327,330,187,321,-1,-1,-1,-1
159,12,255,143,513,930,-1,-1,-1,-1
159,13,124,800,340,280,-1,-1,-1,-1
159,14,8,385,84,166,-1,-1,-1,-1
160,11,1329,328,197,323,-1,-1,-1,-1
160,12,271,141,501,935,-1,-1,-1,-1
160,13,155,803,335,276,-1,-1,-1,-1
160,14,10,383,86,164,-1,-1,-1,-1
161,11,1331,328,209,323,-1,-1,-1,-1
161,12,301,132,491,941,-1,-1,-1,-1
161,13,187,809,331,271,-1,-1,-1,-1
161,14,12,383,88,169,-1,-1,-1,-1
162,11,1337,328,215,322,-1,-1,-1,-1
162,12,336,115,482,950,-1,-1,-1,-1
162,13,220,816,327,265,-1,-1,-1,-1
162,14,19,383,89,173,-1,-1,-1,-1
163,11,1348,327,211,321,-1,-1,-1,-1
163,12,365,103,481,958,-1,-1,-1,-1
163,13,256,825,322,257,-1,-1,-1,-1
163,14,26,382,90,173,-1,-1,-1,-1
164,11,1365,326,199,321,-1,-1,-1,-1
164,12,387,94,491,965,-1,-1,-1,-1
164,13,296,831,315,251,-1,-1,-1,-1
164,14,30,381,93,171,-1,-1,-1,-1
165,11,1384,327,182,324,-1,-1,-1,-1
165,12,408,87,497,965,-1,-1,-1,-1
165,13,334,832,309,248,-1,-1,-1,-1
165,14,33,381,96,170,-1,-1,-1,-1
166,11,1399,326,167,326,-1,-1,-1,-1
166,12,439,85,495,966,-1,-1,-1,-1
166,13,373,833,303,246,-1,-1,-1,-1
166,14,38,382,97,168,-1,-1,-1,-1
167,11,1410,327,155,324,-1,-1,-1,-1
167,12,466,87,491,974,-1,-1,-1,-1
167,13,413,843,295,238,-1,-1,-1,-1
167,14,45,383,97,165,-1,-1,-1,-1
168,11,1417,326,146,323,-1,-1,-1,-1
168,12,497,88,484,980,-1,-1,-1,-1
168,13,458,859,282,226,-1,-1,-1,-1
168,14,53,383,98,169,-1,-1,-1,-1
169,11,1423,324,139,324,-1,-1,-1,-1
169,12,529,86,480,986,-1,-1,-1,-1
169,13,506,869,268,215,-1,-1,-1,-1
169,14,58,382,98,176,-1,-1,-1,-1
170,11,1426,324,134,327,-1,-1,-1,-1
170,12,568,83,475,991,-1,-1,-1,-1
170,13,554,876,257,206,-1,-1,-1,-1
170,14,66,381,96,180,-1,-1,-1,-1
171,11,1429,325,131,328,-1,-1,-1,-1
171,12,611,83,478,986,-1,-1,-1,-1
171,13,603,880,246,201,-1,-1,-1,-1
171,14,75,379,94,179,-1,-1,-1,-1
172,11,1431,324,128,325,-1,-1,-1,-1
172,12,654,79,482,977,-1,-1,-1,-1
172,13,666,882,238,197,-1,-1,-1,-1
172,14,83,380,94,178,-1,-1,-1,-1
173,11,1432,324,127,319,-1,-1,-1,-1
173,12,701,75,489,976,-1,-1,-1,-1
173,13,696,878,237,199,-1,-1,-1,-1
173,14,87,380,96,180,-1,-1,-1,-1
173,15,1,391,60,191,-1,-1,-1,-1
174,11,1435,328,124,312,-1,-1,-1,-1
174,12,744,72,498,982,-1,-1,-1,-1
174,14,89,379,97,181,-1,-1,-1,-1
174,15,2,391,64,192,-1,-1,-1,-1
175,11,1447,331,115,307,-1,-1,-1,-1
175,12,784,67,509,993,-1,-1,-1,-1
175,14,95,379,99,180,-1,-1,-1,-1
175,15,3,390,71,187,-1,-1,-1,-1
176,11,1462,333,103,304,-1,-1,-1,-1
176,12,821,57,522,1004,-1,-1,-1,-1
176,14,103,380,101,177,-1,-1,-1,-1
176,15,5,388,75,180,-1,-1,-1,-1
177,11,1480,332,84,303,-1,-1,-1,-1
177,12,853,43,541,1016,-1,-1,-1,-1
177,14,109,380,101,178,-1,-1,-1,-1
177,15,10,387,76,183,-1,-1,-1,-1
178,11,1491,334,74,305,-1,-1,-1,-1
178,12,890,27,562,1034,-1,-1,-1,-1
178,14,115,376,99,178,-1,-1,-1,-1
178,15,16,387,81,186,-1,-1,-1,-1
179,12,931,20,579,1049,-1,-1,-1,-1
179,14,120,373,94,175,-1,-1,-1,-1
179,15,22,386,84,188,-1,-1,-1,-1
180,12,968,28,569,1049,-1,-1,-1,-1
180,14,130,374,94,175,-1,-1,-1,-1
180,15,29,386,85,188,-1,-1,-1,-1
181,12,1009,33,548,1043,-1,-1,-1,-1
181,14,139,375,96,178,-1,-1,-1,-1
181,15,38,386,85,186,-1,-1,-1,-1
182,12,1052,29,519,1040,-1,-1,-1,-1
182,14,143,374,96,183,-1,-1,-1,-1
182,15,47,386,88,187,-1,-1,-1,-1
183,12,1093,26,483,1038,-1,-1,-1,-1
183,14,147,371,93,181,-1,-1,-1,-1
183,15,55,387,89,189,-1,-1,-1,-1
183,16,502,377,67,189,-1,-1,-1,-1
184,12,1163,25,421,1016,-1,-1,-1,-1
184,14,156,372,95,179,-1,-1,-1,-1
184,15,63,387,90,192,-1,-1,-1,-1
184,16,499,377,70,198,-1,-1,-1,-1
185,12,1203,21,383,1010,-1,-1,-1,-1
185,14,162,375,101,183,-1,-1,-1,-1
185,15,70,386,92,195,-1,-1,-1,-1
185,16,493,381,71,195,-1,-1,-1,-1
186,14,169,372,104,186,-1,-1,-1,-1
186,15,78,385,94,196,-1,-1,-1,-1
186,16,488,386,75,191,-1,-1,-1,-1
187,14,180,369,105,182,-1,-1,-1,-1
187,15,88,385,94,199,-1,-1,-1,-1
187,16,480,390,82,192,-1,-1,-1,-1
188,14,192,369,105,178,-1,-1,-1,-1
188,15,96,383,95,203,-1,-1,-1,-1
188,16,474,392,86,195,-1,-1,-1,-1
189,14,201,370,104,179,-1,-1,-1,-1
189,15,104,383,95,206,-1,-1,-1,-1
189,16,469,391,86,196,-1,-1,-1,-1
190,14,208,369,104,181,-1,-1,-1,-1
190,15,114,382,96,207,-1,-1,-1,-1
190,16,463,389,84,198,-1,-1,-1,-1
191,14,216,367,102,183,-1,-1,-1,-1
191,15,123,380,99,211,-1,-1,-1,-1
191,16,460,386,79,198,-1,-1,-1,-1
192,14,224,365,99,181,-1,-1,-1,-1
192,15,130,377,100,213,-1,-1,-1,-1
192,16,457,383,77,198,-1,-1,-1,-1
193,14,231,362,93,174,-1,-1,-1,-1
193,15,139,376,100,212,-1,-1,-1,-1
193,16,451,380,77,200,-1,-1,-1,-1
194,14,240,362,91,170,-1,-1,-1,-1
194,15,149,379,99,211,-1,-1,-1,-1
194,16,443,378,78,203,-1,-1,-1,-1
195,14,248,364,89,169,-1,-1,-1,-1
195,15,160,379,100,211,-1,-1,-1,-1
195,16,437,381,76,202,-1,-1,-1,-1
196,14,256,366,87,173,-1,-1,-1,-1
196,15,169,378,100,211,-1,-1,-1,-1
196,16,431,385,75,200,-1,-1,-1,-1
196,17,501,377,60,191,-1,-1,-1,-1
197,14,265,365,87,178,-1,-1,-1,-1
197,15,179,377,98,212,-1,-1,-1,-1
197,16,425,389,79,197,-1,-1,-1,-1
197,17,499,375,61,192,-1,-1,-1,-1
198,14,274,364,88,182,-1,-1,-1,-1
198,15,190,375,98,215,-1,-1,-1,-1
198,16,419,390,85,195,-1,-1,-1,-1
198,17,496,376,64,194,-1,-1,-1,-1
199,14,283,363,88,184,-1,-1,-1,-1
199,15,200,372,99,216,-1,-1,-1,-1
199,16,411,387,90,189,-1,-1,-1,-1
199,17,491,374,70,202,-1,-1,-1,-1
200,14,296,359,89,179,-1,-1,-1,-1
200,15,210,368,99,216,-1,-1,-1,-1
200,16,406,385,89,185,-1,-1,-1,-1
200,17,485,370,76,210,-1,-1,-1,-1
201,14,305,360,90,178,-1,-1,-1,-1
201,15,220,365,100,217,-1,-1,-1,-1
201,17,478,372,80,209,-1,-1,-1,-1
202,14,313,360,91,178,-1,-1,-1,-1
202,15,230,363,100,218,-1,-1,-1,-1
202,17,472,374,84,204,-1,-1,-1,-1
203,14,324,360,94,178,-1,-1,-1,-1
203,15,242,362,100,219,-1,-1,-1,-1
203,17,468,377,84,196,-1,-1,-1,-1
204,14,336,360,95,180,-1,-1,-1,-1
204,15,254,362,99,221,-1,-1,-1,-1
204,17,464,380,84,190,-1,-1,-1,-1
205,14,348,359,94,181,-1,-1,-1,-1
205,15,266,362,98,222,-1,-1,-1,-1
205,17,451,378,83,181,-1,-1,-1,-1
206,14,358,356,90,181,-1,-1,-1,-1
206,15,278,360,96,222,-1,-1,-1,-1
206,17,444,373,81,170,-1,-1,-1,-1
207,14,370,355,88,179,-1,-1,-1,-1
207,15,290,359,93,222,-1,-1,-1,-1
208,14,386,359,92,181,-1,-1,-1,-1
208,15,303,363,94,222,-1,-1,-1,-1
209,14,401,362,98,187,-1,-1,-1,-1
209,15,314,363,97,224,-1,-1,-1,-1
210,14,409,360,101,192,-1,-1,-1,-1
210,15,324,363,100,226,-1,-1,-1,-1
211,14,418,357,99,194,-1,-1,-1,-1
211,15,333,363,101,229,-1,-1,-1,-1
212,14,431,356,96,197,-1,-1,-1,-1
212,15,341,361,104,228,-1,-1,-1,-1
213,14,447,356,93,202,-1,-1,-1,-1
213,15,355,360,109,226,-1,-1,-1,-1
214,14,459,353,90,208,-1,-1,-1,-1
214,15,374,360,110,226,-1,-1,-1,-1
214,18,326,389,61,184,-1,-1,-1,-1
215,14,469,354,87,219,-1,-1,-1,-1
215,15,386,358,105,227,-1,-1,-1,-1
215,18,321,390,65,189,-1,-1,-1,-1
216,14,479,352,82,231,-1,-1,-1,-1
216,15,397,357,98,223,-1,-1,-1,-1
216,18,315,391,72,193,-1,-1,-1,-1
217,14,484,352,78,232,-1,-1,-1,-1
217,15,415,361,96,222,-1,-1,-1,-1
217,18,308,391,78,195,-1,-1,-1,-1
218,15,436,361,99,227,-1,-1,-1,-1
218,18,300,390,78,197,-1,-1,-1,-1
219,15,447,358,103,232,-1,-1,-1,-1
219,18,295,389,77,197,-1,-1,-1,-1
219,19,376,391,65,172,-1,-1,-1,-1
220,15,455,355,102,236,-1,-1,-1,-1
220,18,291,389,75,195,-1,-1,-1,-1
220,19,375,388,66,181,-1,-1,-1,-1
221,15,467,353,95,238,-1,-1,-1,-1
221,18,287,392,74,194,-1,-1,-1,-1
221,19,371,386,68,189,-1,-1,-1,-1
222,15,483,350,80,236,-1,-1,-1,-1
222,18,280,395,77,191,-1,-1,-1,-1
222,19,365,384,71,196,-1,-1,-1,-1
223,15,490,353,74,238,-1,-1,-1,-1
223,18,272,397,82,189,-1,-1,-1,-1
223,19,359,382,75,199,-1,-1,-1,-1
224,18,263,398,91,188,-1,-1,-1,-1
224,19,354,382,76,198,-1,-1,-1,-1
225,18,254,399,99,187,-1,-1,-1,-1
225,19,347,382,77,197,-1,-1,-1,-1
226,18,247,399,104,187,-1,-1,-1,-1
226,19,342,383,78,197,-1,-1,-1,-1
227,18,242,397,104,189,-1,-1,-1,-1
227,19,336,383,80,198,-1,-1,-1,-1
228,18,235,393,100,193,-1,-1,-1,-1
228,19,328,385,85,198,-1,-1,-1,-1
229,18,230,390,90,195,-1,-1,-1,-1
229,19,319,387,91,197,-1,-1,-1,-1
230,18,229,389,81,195,-1,-1,-1,-1
230,19,311,388,99,196,-1,-1,-1,-1
231,18,229,389,74,194,-1,-1,-1,-1
231,19,305,389,103,194,-1,-1,-1,-1
232,18,227,390,72,193,-1,-1,-1,-1
232,19,302,390,105,192,-1,-1,-1,-1
233,18,222,389,72,193,-1,-1,-1,-1
233,19,296,391,106,189,-1,-1,-1,-1
234,18,215,389,74,194,-1,-1,-1,-1
234,19,290,391,103,188,-1,-1,-1,-1
235,18,209,390,75,194,-1,-1,-1,-1
235,19,287,390,99,188,-1,-1,-1,-1
236,18,204,390,77,193,-1,-1,-1,-1
236,19,284,388,95,189,-1,-1,-1,-1
237,18,200,392,79,191,-1,-1,-1,-1
237,19,280,386,90,189,-1,-1,-1,-1
238,18,196,396,81,188,-1,-1,-1,-1
238,19,276,385,85,190,-1,-1,-1,-1
239,18,190,399,83,187,-1,-1,-1,-1
239,19,271,384,82,190,-1,-1,-1,-1
240,18,183,399,82,187,-1,-1,-1,-1
240,19,266,384,81,190,-1,-1,-1,-1
241,18,178,395,79,188,-1,-1,-1,-1
241,19,261,385,81,190,-1,-1,-1,-1
242,18,175,391,76,189,-1,-1,-1,-1
242,19,258,385,79,190,-1,-1,-1,-1
242,20,869,327,84,250,-1,-1,-1,-1
243,18,173,390,73,190,-1,-1,-1,-1
243,19,254,387,79,189,-1,-1,-1,-1
243,20,870,324,93,262,-1,-1,-1,-1
244,18,170,390,72,189,-1,-1,-1,-1
244,19,248,389,82,190,-1,-1,-1,-1
244,20,873,326,101,264,-1,-1,-1,-1
245,18,165,390,74,189,-1,-1,-1,-1
245,19,243,389,84,189,-1,-1,-1,-1
245,20,877,328,112,258,-1,-1,-1,-1
246,18,158,391,77,189,-1,-1,-1,-1
246,19,237,391,86,187,-1,-1,-1,-1
246,20,882,330,124,253,-1,-1,-1,-1
247,18,151,391,79,189,-1,-1,-1,-1
247,19,232,391,86,185,-1,-1,-1,-1
247,20,888,331,131,249,-1,-1,-1,-1
248,18,145,393,83,189,-1,-1,-1,-1
248,19,228,391,84,185,-1,-1,-1,-1
248,20,897,330,135,249,-1,-1,-1,-1
249,18,141,395,88,188,-1,-1,-1,-1
249,19,226,391,79,184,-1,-1,-1,-1
249,20,909,329,136,252,-1,-1,-1,-1
250,18,136,395,91,188,-1,-1,-1,-1
250,19,223,389,75,183,-1,-1,-1,-1
250,20,922,329,133,253,-1,-1,-1,-1
251,18,131,396,94,187,-1,-1,-1,-1
251,19,218,386,72,182,-1,-1,-1,-1
251,20,933,328,129,254,-1,-1,-1,-1
252,18,126,398,96,186,-1,-1,-1,-1
252,19,214,384,72,182,-1,-1,-1,-1
252,20,944,328,123,254,-1,-1,-1,-1
253,18,120,398,94,186,-1,-1,-1,-1
253,19,209,386,73,181,-1,-1,-1,-1
253,20,952,330,113,253,-1,-1,-1,-1
254,18,116,397,88,185,-1,-1,-1,-1
254,19,205,388,75,183,-1,-1,-1,-1
254,20,968,331,99,256,-1,-1,-1,-1
255,18,113,397,82,185,-1,-1,-1,-1
255,19,202,389,76,185,-1,-1,-1,-1
255,20,979,329,92,256,-1,-1,-1,-1
256,18,111,396,78,185,-1,-1,-1,-1
256,19,197,389,78,187,-1,-1,-1,-1
257,18,108,395,75,185,-1,-1,-1,-1
257,19,189,389,83,187,-1,-1,-1,-1
258,18,103,394,76,185,-1,-1,-1,-1
258,19,183,390,88,187,-1,-1,-1,-1
258,21,1489,362,69,225,-1,-1,-1,-1
258,22,1103,316,110,247,-1,-1,-1,-1
259,18,98,395,77,185,-1,-1,-1,-1
259,19,178,392,91,185,-1,-1,-1,-1
259,21,1478,358,80,228,-1,-1,-1,-1
259,22,1108,316,111,249,-1,-1,-1,-1
260,18,93,396,76,184,-1,-1,-1,-1
260,19,173,393,92,184,-1,-1,-1,-1
260,21,1473,353,85,233,-1,-1,-1,-1
260,22,1113,313,119,258,-1,-1,-1,-1
261,18,90,399,77,181,-1,-1,-1,-1
261,19,170,393,93,183,-1,-1,-1,-1
261,21,1471,353,87,234,-1,-1,-1,-1
261,22,1117,311,131,263,-1,-1,-1,-1
262,18,87,402,78,177,-1,-1,-1,-1
262,19,166,392,93,182,-1,-1,-1,-1
262,21,1469,352,89,234,-1,-1,-1,-1
262,22,1121,314,141,263,-1,-1,-1,-1
263,18,83,404,79,173,-1,-1,-1,-1
263,19,162,392,91,180,-1,-1,-1,-1
263,21,1466,353,91,235,-1,-1,-1,-1
263,22,1131,318,144,263,-1,-1,-1,-1
264,18,80,405,80,172,-1,-1,-1,-1
264,19,156,392,88,178,-1,-1,-1,-1
264,21,1462,352,94,237,-1,-1,-1,-1
264,22,1142,319,145,265,-1,-1,-1,-1
265,18,74,404,81,173,-1,-1,-1,-1
265,19,151,392,86,179,-1,-1,-1,-1
265,21,1457,352,96,237,-1,-1,-1,-1
265,22,1157,318,146,268,-1,-1,-1,-1
266,18,70,404,81,175,-1,-1,-1,-1
266,19,147,390,84,180,-1,-1,-1,-1
266,21,1451,351,95,236,-1,-1,-1,-1
266,22,1175,316,147,271,-1,-1,-1,-1
267,18,66,403,80,175,-1,-1,-1,-1
267,19,144,390,80,181,-1,-1,-1,-1
267,21,1444,352,93,233,-1,-1,-1,-1
267,22,1194,315,145,272,-1,-1,-1,-1
268,18,62,403,79,174,-1,-1,-1,-1
268,19,140,391,79,181,-1,-1,-1,-1
268,21,1438,352,91,231,-1,-1,-1,-1
268,22,1211,316,142,272,-1,-1,-1,-1
269,18,60,404,76,171,-1,-1,-1,-1
269,19,137,391,77,182,-1,-1,-1,-1
269,21,1434,348,87,222,-1,-1,-1,-1
269,22,1231,316,140,272,-1,-1,-1,-1
270,18,58,405,73,168,-1,-1,-1,-1
270,19,135,392,77,182,-1,-1,-1,-1
270,21,1425,338,80,196,-1,-1,-1,-1
270,22,1250,315,139,274,-1,-1,-1,-1
271,18,55,406,72,167,-1,-1,-1,-1
271,19,131,394,78,180,-1,-1,-1,-1
271,21,1411,343,81,182,-1,-1,-1,-1
271,22,1271,312,137,278,-1,-1,-1,-1
272,18,51,407,73,167,-1,-1,-1,-1
272,19,127,395,80,178,-1,-1,-1,-1
272,22,1278,313,137,280,-1,-1,-1,-1
273,18,44,408,76,168,-1,-1,-1,-1
273,19,123,395,80,177,-1,-1,-1,-1
273,22,1290,311,139,280,-1,-1,-1,-1
274,18,38,407,80,170,-1,-1,-1,-1
274,19,120,394,79,177,-1,-1,-1,-1
274,22,1313,306,139,278,-1,-1,-1,-1
275,18,32,408,83,171,-1,-1,-1,-1
275,19,118,393,78,177,-1,-1,-1,-1
275,22,1323,305,143,277,-1,-1,-1,-1
276,18,27,409,87,170,-1,-1,-1,-1
276,19,116,395,76,176,-1,-1,-1,-1
276,22,1333,306,150,276,-1,-1,-1,-1
277,18,24,412,89,167,-1,-1,-1,-1
277,19,113,398,74,173,-1,-1,-1,-1
277,22,1351,306,156,274,-1,-1,-1,-1
278,18,21,412,89,164,-1,-1,-1,-1
278,19,110,397,72,170,-1,-1,-1,-1
278,22,1369,304,161,274,-1,-1,-1,-1
279,18,18,410,86,164,-1,-1,-1,-1
279,19,106,396,71,170,-1,-1,-1,-1
279,22,1375,305,162,275,-1,-1,-1,-1
280,18,14,407,84,166,-1,-1,-1,-1
280,19,102,397,72,171,-1,-1,-1,-1
280,22,1388,304,157,275,-1,-1,-1,-1
281,18,11,404,82,170,-1,-1,-1,-1
281,19,99,398,74,173,-1,-1,-1,-1
281,22,1407,304,149,277,-1,-1,-1,-1
281,23,1332,355,85,198,-1,-1,-1,-1
282,18,7,402,81,173,-1,-1,-1,-1
282,19,96,398,75,173,-1,-1,-1,-1
282,22,1417,304,142,280,-1,-1,-1,-1
282,23,1324,356,86,207,-1,-1,-1,-1
283,18,5,400,78,177,-1,-1,-1,-1
283,19,93,398,76,174,-1,-1,-1,-1
283,22,1427,305,134,283,-1,-1,-1,-1
283,23,1311,358,95,221,-1,-1,-1,-1
284,18,4,399,75,178,-1,-1,-1,-1
284,19,90,400,79,173,-1,-1,-1,-1
284,22,1440,306,123,284,-1,-1,-1,-1
284,23,1294,360,112,229,-1,-1,-1,-1
285,18,3,401,72,177,-1,-1,-1,-1
285,19,87,401,81,172,-1,-1,-1,-1
285,22,1455,305,110,273,-1,-1,-1,-1
285,23,1278,362,128,233,-1,-1,-1,-1
286,18,2,404,70,173,-1,-1,-1,-1
286,19,84,403,83,170,-1,-1,-1,-1
286,22,1478,300,89,238,-1,-1,-1,-1
286,23,1268,362,135,234,-1,-1,-1,-1
287,18,1,407,68,170,-1,-1,-1,-1
287,19,80,404,84,168,-1,-1,-1,-1
287,22,1487,304,79,228,-1,-1,-1,-1
287,23,1264,362,136,232,-1,-1,-1,-1
288,18,1,410,66,168,-1,-1,-1,-1
288,19,75,404,85,167,-1,-1,-1,-1
288,23,1260,363,135,230,-1,-1,-1,-1
289,18,1,412,65,167,-1,-1,-1,-1
289,19,71,404,85,165,-1,-1,-1,-1
289,23,1256,361,130,230,-1,-1,-1,-1
290,18,0,412,64,166,-1,-1,-1,-1
290,19,70,403,82,164,-1,-1,-1,-1
290,23,1251,358,122,233,-1,-1,-1,-1
291,18,-0,412,62,164,-1,-1,-1,-1
291,19,70,402,79,165,-1,-1,-1,-1
291,23,1248,357,111,233,-1,-1,-1,-1
292,18,-0,412,59,163,-1,-1,-1,-1
292,19,69,400,76,165,-1,-1,-1,-1
292,23,1245,358,101,232,-1,-1,-1,-1
293,18,-0,412,56,163,-1,-1,-1,-1
293,19,67,400,75,166,-1,-1,-1,-1
293,23,1241,357,93,233,-1,-1,-1,-1
294,18,-0,412,53,162,-1,-1,-1,-1
294,19,64,401,74,167,-1,-1,-1,-1
294,23,1233,354,90,235,-1,-1,-1,-1
295,18,-2,411,47,158,-1,-1,-1,-1
295,19,61,403,75,166,-1,-1,-1,-1
295,23,1226,353,91,236,-1,-1,-1,-1
296,18,-1,412,43,158,-1,-1,-1,-1
296,19,58,405,77,165,-1,-1,-1,-1
296,23,1215,356,98,235,-1,-1,-1,-1
297,19,54,406,79,163,-1,-1,-1,-1
297,23,1198,357,110,234,-1,-1,-1,-1
298,19,50,407,80,161,-1,-1,-1,-1
298,23,1181,361,124,230,-1,-1,-1,-1
299,19,46,407,81,159,-1,-1,-1,-1
299,23,1172,368,133,222,-1,-1,-1,-1
300,19,43,407,81,158,-1,-1,-1,-1
300,23,1167,369,139,220,-1,-1,-1,-1
301,19,41,407,80,158,-1,-1,-1,-1
301,23,1162,370,141,220,-1,-1,-1,-1
302,19,38,408,79,157,-1,-1,-1,-1
302,23,1158,370,137,220,-1,-1,-1,-1
303,19,35,409,78,157,-1,-1,-1,-1
303,23,1154,372,127,218,-1,-1,-1,-1
304,19,32,407,78,157,-1,-1,-1,-1
304,23,1150,373,114,217,-1,-1,-1,-1
305,19,28,403,76,160,-1,-1,-1,-1
305,23,1147,370,101,218,-1,-1,-1,-1
306,19,26,401,74,162,-1,-1,-1,-1
306,23,1144,364,92,222,-1,-1,-1,-1
307,19,23,400,74,164,-1,-1,-1,-1
307,23,1140,360,86,226,-1,-1,-1,-1
308,19,19,401,75,165,-1,-1,-1,-1
308,23,1134,360,84,229,-1,-1,-1,-1
309,19,15,400,78,166,-1,-1,-1,-1
309,23,1128,361,84,229,-1,-1,-1,-1
310,19,11,401,81,165,-1,-1,-1,-1
310,23,1122,363,87,227,-1,-1,-1,-1
311,19,8,403,83,163,-1,-1,-1,-1
311,23,1118,367,91,223,-1,-1,-1,-1
312,19,5,407,84,160,-1,-1,-1,-1
312,23,1114,369,94,220,-1,-1,-1,-1
313,19,3,412,84,155,-1,-1,-1,-1
313,23,1110,370,95,216,-1,-1,-1,-1
314,19,2,415,82,153,-1,-1,-1,-1
314,23,1103,370,96,213,-1,-1,-1,-1
315,19,1,414,80,152,-1,-1,-1,-1
315,23,1098,371,96,213,-1,-1,-1,-1
316,19,0,412,75,153,-1,-1,-1,-1
317,19,0,410,70,155,-1,-1,-1,-1
318,19,0,408,65,157,-1,-1,-1,-1
319,19,0,408,61,158,-1,-1,-1,-1
320,19,0,410,60,157,-1,-1,-1,-1
321,19,0,413,58,154,-1,-1,-1,-1
322,19,0,414,57,151,-1,-1,-1,-1
323,19,0,415,55,149,-1,-1,-1,-1
324,19,0,415,53,146,-1,-1,-1,-1
325,19,0,419,50,141,-1,-1,-1,-1
326,19,0,421,48,137,-1,-1,-1,-1
326,24,977,386,84,197,-1,-1,-1,-1
327,19,-0,421,45,134,-1,-1,-1,-1
327,24,974,385,85,200,-1,-1,-1,-1
328,19,-0,420,43,133,-1,-1,-1,-1
328,24,972,382,84,206,-1,-1,-1,-1
329,24,970,377,81,210,-1,-1,-1,-1
330,24,967,373,80,213,-1,-1,-1,-1
331,24,961,370,82,216,-1,-1,-1,-1
332,24,954,368,82,219,-1,-1,-1,-1
333,24,948,367,80,221,-1,-1,-1,-1
334,24,941,366,81,222,-1,-1,-1,-1
335,24,932,369,87,220,-1,-1,-1,-1
336,24,919,374,97,215,-1,-1,-1,-1
337,24,907,376,107,212,-1,-1,-1,-1
338,24,899,376,114,210,-1,-1,-1,-1
339,24,892,377,118,210,-1,-1,-1,-1
340,24,886,379,119,210,-1,-1,-1,-1
341,24,880,376,116,211,-1,-1,-1,-1
342,24,875,373,108,212,-1,-1,-1,-1
343,24,872,371,97,212,-1,-1,-1,-1
344,24,870,370,88,214,-1,-1,-1,-1
345,24,867,369,82,216,-1,-1,-1,-1
346,24,865,369,77,217,-1,-1,-1,-1
347,24,866,376,73,212,-1,-1,-1,-1
348,24,868,401,68,193,-1,-1,-1,-1
349,24,868,415,68,181,-1,-1,-1,-1
401,25,493,416,72,173,-1,-1,-1,-1
402,25,495,421,69,167,-1,-1,-1,-1
403,25,494,418,67,168,-1,-1,-1,-1
404,25,492,407,68,180,-1,-1,-1,-1
405,25,491,404,68,185,-1,-1,-1,-1
406,25,488,407,69,183,-1,-1,-1,-1
407,25,484,405,69,184,-1,-1,-1,-1
408,25,480,398,71,189,-1,-1,-1,-1
409,25,475,393,72,194,-1,-1,-1,-1
410,25,470,391,73,198,-1,-1,-1,-1
411,25,464,392,77,198,-1,-1,-1,-1
412,25,455,397,85,193,-1,-1,-1,-1
413,25,447,404,94,187,-1,-1,-1,-1
414,25,439,404,100,185,-1,-1,-1,-1
415,25,433,400,101,187,-1,-1,-1,-1
416,25,427,399,100,189,-1,-1,-1,-1
417,25,422,399,97,189,-1,-1,-1,-1
418,25,418,399,92,189,-1,-1,-1,-1
419,25,414,396,87,191,-1,-1,-1,-1
420,25,411,392,81,195,-1,-1,-1,-1
421,25,407,390,77,198,-1,-1,-1,-1
422,25,403,390,75,199,-1,-1,-1,-1
423,25,399,392,75,199,-1,-1,-1,-1
424,25,395,393,77,198,-1,-1,-1,-1
425,25,389,393,80,197,-1,-1,-1,-1
426,25,383,393,85,197,-1,-1,-1,-1
427,25,377,396,90,196,-1,-1,-1,-1
428,25,371,400,93,192,-1,-1,-1,-1
429,25,366,399,94,190,-1,-1,-1,-1
430,25,362,395,93,191,-1,-1,-1,-1
431,25,360,392,89,194,-1,-1,-1,-1
432,25,355,391,86,194,-1,-1,-1,-1
433,25,352,393,82,191,-1,-1,-1,-1
434,25,349,394,77,189,-1,-1,-1,-1
435,25,347,393,72,192,-1,-1,-1,-1
436,25,345,392,69,194,-1,-1,-1,-1
437,25,341,393,70,194,-1,-1,-1,-1
438,25,334,394,74,193,-1,-1,-1,-1
439,25,326,395,80,192,-1,-1,-1,-1
440,25,319,396,86,190,-1,-1,-1,-1
441,25,313,398,93,188,-1,-1,-1,-1
442,25,308,401,97,187,-1,-1,-1,-1
443,25,304,403,97,185,-1,-1,-1,-1
444,25,300,404,94,184,-1,-1,-1,-1
445,25,298,404,87,182,-1,-1,-1,-1
446,25,296,406,81,181,-1,-1,-1,-1
447,25,292,407,76,181,-1,-1,-1,-1
448,25,288,408,73,179,-1,-1,-1,-1
449,25,285,409,72,177,-1,-1,-1,-1
450,25,281,408,74,178,-1,-1,-1,-1
451,25,276,408,78,178,-1,-1,-1,-1
452,25,270,408,83,178,-1,-1,-1,-1
453,25,266,409,86,176,-1,-1,-1,-1
454,25,261,410,88,175,-1,-1,-1,-1
455,25,257,410,88,175,-1,-1,-1,-1
456,25,254,409,86,175,-1,-1,-1,-1
457,25,251,407,84,176,-1,-1,-1,-1
458,25,248,405,81,177,-1,-1,-1,-1
459,25,245,404,78,179,-1,-1,-1,-1
460,25,242,403,76,179,-1,-1,-1,-1
461,25,240,402,74,180,-1,-1,-1,-1
462,25,237,402,72,180,-1,-1,-1,-1
463,25,234,403,72,180,-1,-1,-1,-1
464,25,230,404,74,180,-1,-1,-1,-1
465,25,224,405,79,179,-1,-1,-1,-1
466,25,218,407,83,178,-1,-1,-1,-1
467,25,214,407,84,178,-1,-1,-1,-1
468,25,212,405,82,179,-1,-1,-1,-1
469,25,209,405,80,179,-1,-1,-1,-1
470,25,205,406,78,178,-1,-1,-1,-1
471,25,203,408,73,176,-1,-1,-1,-1
472,25,202,408,69,174,-1,-1,-1,-1
473,25,200,406,67,173,-1,-1,-1,-1
474,25,196,405,67,172,-1,-1,-1,-1
475,25,191,406,70,172,-1,-1,-1,-1
476,25,186,407,74,172,-1,-1,-1,-1
477,25,182,409,75,171,-1,-1,-1,-1
478,25,179,411,75,169,-1,-1,-1,-1
479,25,177,412,75,168,-1,-1,-1,-1
480,25,175,412,75,169,-1,-1,-1,-1
481,25,172,410,76,169,-1,-1,-1,-1
482,25,169,408,76,171,-1,-1,-1,-1
483,25,166,406,75,172,-1,-1,-1,-1
484,25,163,405,74,173,-1,-1,-1,-1
485,25,160,404,74,173,-1,-1,-1,-1
486,25,158,405,72,173,-1,-1,-1,-1
487,25,155,407,71,174,-1,-1,-1,-1
488,25,152,406,71,174,-1,-1,-1,-1
489,25,148,407,72,174,-1,-1,-1,-1
490,25,143,408,76,172,-1,-1,-1,-1
491,25,139,410,80,169,-1,-1,-1,-1
492,25,135,413,80,166,-1,-1,-1,-1
493,25,133,413,78,165,-1,-1,-1,-1
494,25,130,413,76,165,-1,-1,-1,-1
495,25,127,412,74,165,-1,-1,-1,-1
496,25,123,411,72,166,-1,-1,-1,-1
497,25,121,413,70,166,-1,-1,-1,-1
498,25,118,413,67,165,-1,-1,-1,-1
499,25,116,411,65,165,-1,-1,-1,-1
500,25,114,411,65,164,-1,-1,-1,-1
501,25,111,412,66,164,-1,-1,-1,-1
502,25,107,413,68,164,-1,-1,-1,-1
503,25,105,415,70,163,-1,-1,-1,-1
504,25,102,415,72,163,-1,-1,-1,-1
505,25,98,416,75,162,-1,-1,-1,-1
506,25,95,416,76,162,-1,-1,-1,-1
507,25,92,415,75,163,-1,-1,-1,-1
508,25,89,414,74,164,-1,-1,-1,-1
509,25,87,412,73,164,-1,-1,-1,-1
510,25,85,411,71,165,-1,-1,-1,-1
511,25,83,410,68,164,-1,-1,-1,-1
512,25,82,410,66,165,-1,-1,-1,-1
513,25,80,411,65,164,-1,-1,-1,-1
514,25,76,411,66,164,-1,-1,-1,-1
515,25,71,412,68,162,-1,-1,-1,-1
516,25,67,413,71,161,-1,-1,-1,-1
517,25,62,416,75,160,-1,-1,-1,-1
518,25,58,418,78,158,-1,-1,-1,-1
519,25,56,418,80,157,-1,-1,-1,-1
520,25,54,418,79,157,-1,-1,-1,-1
521,25,52,416,76,159,-1,-1,-1,-1
522,25,49,414,72,162,-1,-1,-1,-1
523,25,45,412,72,162,-1,-1,-1,-1
524,25,40,412,73,163,-1,-1,-1,-1
525,25,35,412,75,163,-1,-1,-1,-1
526,25,32,411,76,163,-1,-1,-1,-1
527,25,30,412,76,163,-1,-1,-1,-1
528,25,28,414,75,161,-1,-1,-1,-1
529,25,27,416,75,159,-1,-1,-1,-1
530,25,25,416,75,158,-1,-1,-1,-1
531,25,24,417,74,158,-1,-1,-1,-1
532,25,23,417,73,157,-1,-1,-1,-1
533,25,22,417,71,155,-1,-1,-1,-1
534,25,19,417,70,155,-1,-1,-1,-1
535,25,16,415,69,157,-1,-1,-1,-1
536,25,13,413,69,160,-1,-1,-1,-1
537,25,10,411,68,162,-1,-1,-1,-1
538,25,8,410,65,163,-1,-1,-1,-1
539,25,7,411,63,162,-1,-1,-1,-1
540,25,7,413,61,160,-1,-1,-1,-1
541,25,7,413,61,160,-1,-1,-1,-1
542,25,6,415,60,158,-1,-1,-1,-1
543,25,4,417,60,157,-1,-1,-1,-1
544,25,3,419,58,156,-1,-1,-1,-1
545,25,3,419,56,155,-1,-1,-1,-1
546,25,1,419,54,155,-1,-1,-1,-1
547,25,0,421,52,154,-1,-1,-1,-1
548,25,-0,421,50,153,-1,-1,-1,-1
549,25,-0,421,48,151,-1,-1,-1,-1
550,25,-0,423,45,149,-1,-1,-1,-1
551,25,0,424,44,147,-1,-1,-1,-1
552,25,0,427,44,145,-1,-1,-1,-1
553,25,0,431,44,141,-1,-1,-1,-1
556,25,0,434,42,136,-1,-1,-1,-1
557,25,-0,434,40,133,-1,-1,-1,-1
558,25,-1,431,34,136,-1,-1,-1,-1
630,25,-1,422,29,149,-1,-1,-1,-1
631,25,0,414,28,161,-1,-1,-1,-1
634,25,2,407,31,171,-1,-1,-1,-1
635,25,2,397,34,180,-1,-1,-1,-1
636,25,3,392,39,185,-1,-1,-1,-1
637,25,3,391,43,187,-1,-1,-1,-1
638,25,2,391,45,187,-1,-1,-1,-1
639,25,1,391,47,189,-1,-1,-1,-1
640,25,1,388,47,191,-1,-1,-1,-1
641,25,1,387,48,193,-1,-1,-1,-1
642,25,1,387,50,196,-1,-1,-1,-1
643,25,2,387,52,198,-1,-1,-1,-1
644,25,2,386,55,198,-1,-1,-1,-1
645,25,3,385,61,199,-1,-1,-1,-1
646,25,3,383,66,199,-1,-1,-1,-1
647,25,3,383,71,198,-1,-1,-1,-1
648,25,2,383,74,199,-1,-1,-1,-1
649,25,2,383,77,199,-1,-1,-1,-1
650,25,2,382,80,201,-1,-1,-1,-1
651,25,2,381,81,203,-1,-1,-1,-1
652,25,2,381,83,204,-1,-1,-1,-1
653,25,4,378,85,207,-1,-1,-1,-1
654,25,5,376,88,211,-1,-1,-1,-1
655,25,5,374,91,214,-1,-1,-1,-1
656,25,6,373,93,215,-1,-1,-1,-1
657,25,7,372,95,216,-1,-1,-1,-1
658,25,8,372,95,217,-1,-1,-1,-1
659,25,9,373,94,219,-1,-1,-1,-1
660,25,10,374,94,219,-1,-1,-1,-1
661,25,11,374,93,219,-1,-1,-1,-1
662,25,14,374,92,220,-1,-1,-1,-1
663,25,16,374,90,220,-1,-1,-1,-1
664,25,17,374,88,220,-1,-1,-1,-1
665,25,19,373,87,221,-1,-1,-1,-1
666,25,20,372,85,221,-1,-1,-1,-1
667,25,21,372,84,221,-1,-1,-1,-1
668,25,23,370,83,223,-1,-1,-1,-1
669,25,25,369,83,225,-1,-1,-1,-1
670,25,26,369,84,226,-1,-1,-1,-1
671,25,28,369,85,226,-1,-1,-1,-1
672,25,32,370,87,225,-1,-1,-1,-1
673,25,37,372,87,224,-1,-1,-1,-1
674,25,41,372,85,225,-1,-1,-1,-1
675,25,44,372,84,225,-1,-1,-1,-1
676,25,48,371,83,224,-1,-1,-1,-1
677,25,52,371,83,224,-1,-1,-1,-1
677,26,2,393,68,205,-1,-1,-1,-1
678,25,55,371,85,222,-1,-1,-1,-1
678,26,2,393,70,198,-1,-1,-1,-1
679,25,57,371,88,220,-1,-1,-1,-1
679,26,1,389,72,199,-1,-1,-1,-1
680,25,60,373,91,219,-1,-1,-1,-1
680,26,2,386,71,205,-1,-1,-1,-1
681,25,63,374,93,218,-1,-1,-1,-1
681,26,4,382,69,210,-1,-1,-1,-1
682,25,64,373,94,221,-1,-1,-1,-1
682,26,3,380,69,210,-1,-1,-1,-1
683,25,65,372,95,223,-1,-1,-1,-1
683,26,2,379,71,208,-1,-1,-1,-1
684,25,66,371,96,226,-1,-1,-1,-1
684,26,1,378,71,206,-1,-1,-1,-1
685,25,67,369,98,228,-1,-1,-1,-1
685,26,2,377,71,206,-1,-1,-1,-1
686,25,70,369,97,229,-1,-1,-1,-1
686,26,4,375,72,207,-1,-1,-1,-1
686,27,1439,313,119,247,-1,-1,-1,-1
687,25,75,369,94,229,-1,-1,-1,-1
687,26,7,374,76,209,-1,-1,-1,-1
687,27,1422,311,134,251,-1,-1,-1,-1
688,25,79,369,90,230,-1,-1,-1,-1
688,26,10,374,80,208,-1,-1,-1,-1
688,27,1400,311,148,249,-1,-1,-1,-1
689,25,81,367,87,231,-1,-1,-1,-1
689,26,11,374,82,209,-1,-1,-1,-1
689,27,1376,313,156,243,-1,-1,-1,-1
690,25,83,366,87,232,-1,-1,-1,-1
690,26,12,374,84,213,-1,-1,-1,-1
690,27,1353,317,157,238,-1,-1,-1,-1
691,25,85,366,88,232,-1,-1,-1,-1
691,26,12,374,86,219,-1,-1,-1,-1
691,27,1330,320,157,239,-1,-1,-1,-1
692,25,87,368,88,231,-1,-1,-1,-1
692,26,12,375,89,225,-1,-1,-1,-1
692,27,1307,322,157,242,-1,-1,-1,-1
693,25,90,369,88,230,-1,-1,-1,-1
693,26,12,375,91,226,-1,-1,-1,-1
693,27,1283,321,158,241,-1,-1,-1,-1
694,25,95,368,86,229,-1,-1,-1,-1
694,26,13,373,92,224,-1,-1,-1,-1
694,27,1259,322,158,238,-1,-1,-1,-1
695,25,98,367,85,228,-1,-1,-1,-1
695,26,13,373,93,220,-1,-1,-1,-1
695,27,1236,324,158,236,-1,-1,-1,-1
696,25,101,367,84,227,-1,-1,-1,-1
696,26,14,374,94,217,-1,-1,-1,-1
696,27,1214,326,157,234,-1,-1,-1,-1
697,25,104,365,83,228,-1,-1,-1,-1
697,26,16,376,94,215,-1,-1,-1,-1
697,27,1192,327,156,235,-1,-1,-1,-1
698,25,106,365,83,228,-1,-1,-1,-1
698,26,18,377,93,216,-1,-1,-1,-1
698,27,1173,327,152,236,-1,-1,-1,-1
699,25,108,365,83,228,-1,-1,-1,-1
699,26,21,377,91,219,-1,-1,-1,-1
699,27,1156,330,146,237,-1,-1,-1,-1
700,25,109,366,84,229,-1,-1,-1,-1
700,26,26,377,89,220,-1,-1,-1,-1
700,27,1139,330,141,237,-1,-1,-1,-1
701,25,111,366,84,231,-1,-1,-1,-1
701,26,32,377,86,221,-1,-1,-1,-1
701,27,1123,330,136,238,-1,-1,-1,-1
702,25,113,366,85,231,-1,-1,-1,-1
702,26,36,378,84,222,-1,-1,-1,-1
702,27,1113,333,126,238,-1,-1,-1,-1
703,25,114,366,85,230,-1,-1,-1,-1
703,26,39,377,83,223,-1,-1,-1,-1
703,27,1104,340,105,231,-1,-1,-1,-1
704,25,117,364,85,229,-1,-1,-1,-1
704,26,42,375,81,224,-1,-1,-1,-1
704,27,1103,347,91,216,-1,-1,-1,-1
705,25,122,364,85,229,-1,-1,-1,-1
705,26,45,373,80,225,-1,-1,-1,-1
706,25,125,366,85,229,-1,-1,-1,-1
706,26,46,372,80,227,-1,-1,-1,-1
707,25,128,367,85,228,-1,-1,-1,-1
707,26,47,372,80,228,-1,-1,-1,-1
708,25,131,366,85,228,-1,-1,-1,-1
708,26,49,373,80,230,-1,-1,-1,-1
708,28,962,338,103,228,-1,-1,-1,-1
709,25,134,367,85,228,-1,-1,-1,-1
709,26,50,373,81,230,-1,-1,-1,-1
709,28,950,339,110,229,-1,-1,-1,-1
710,25,137,367,84,229,-1,-1,-1,-1
710,26,50,370,84,231,-1,-1,-1,-1
710,28,931,340,121,231,-1,-1,-1,-1
711,25,139,366,84,230,-1,-1,-1,-1
711,26,49,367,88,234,-1,-1,-1,-1
711,28,911,342,126,227,-1,-1,-1,-1
712,25,141,365,85,231,-1,-1,-1,-1
712,26,50,366,92,237,-1,-1,-1,-1
712,28,896,345,125,222,-1,-1,-1,-1
713,25,143,366,86,231,-1,-1,-1,-1
713,26,51,366,95,240,-1,-1,-1,-1
713,28,881,347,122,222,-1,-1,-1,-1
714,25,146,365,88,232,-1,-1,-1,-1
714,26,53,367,99,243,-1,-1,-1,-1
714,28,870,347,115,223,-1,-1,-1,-1
715,25,148,365,92,231,-1,-1,-1,-1
715,26,55,365,102,244,-1,-1,-1,-1
715,28,862,348,101,220,-1,-1,-1,-1
716,25,149,365,97,231,-1,-1,-1,-1
716,26,57,363,102,240,-1,-1,-1,-1
716,28,860,351,92,211,-1,-1,-1,-1
717,25,149,363,102,232,-1,-1,-1,-1
717,26,60,362,99,234,-1,-1,-1,-1
718,25,151,362,104,233,-1,-1,-1,-1
718,26,63,365,97,229,-1,-1,-1,-1
719,25,154,363,105,234,-1,-1,-1,-1
719,26,66,368,97,225,-1,-1,-1,-1
720,25,159,364,104,233,-1,-1,-1,-1
720,26,69,371,97,222,-1,-1,-1,-1
721,25,163,365,101,232,-1,-1,-1,-1
721,26,73,372,97,220,-1,-1,-1,-1
722,25,167,365,98,233,-1,-1,-1,-1
722,26,77,372,97,220,-1,-1,-1,-1
723,25,171,363,95,234,-1,-1,-1,-1
723,26,83,372,99,223,-1,-1,-1,-1
724,25,174,364,93,235,-1,-1,-1,-1
724,26,88,371,100,227,-1,-1,-1,-1
725,25,178,364,92,236,-1,-1,-1,-1
725,26,93,368,98,232,-1,-1,-1,-1
726,25,181,363,90,236,-1,-1,-1,-1
726,26,97,366,96,234,-1,-1,-1,-1
727,25,185,362,88,236,-1,-1,-1,-1
727,26,101,365,94,236,-1,-1,-1,-1
728,25,189,363,85,237,-1,-1,-1,-1
728,26,104,365,92,240,-1,-1,-1,-1
729,25,193,363,83,237,-1,-1,-1,-1
729,26,107,366,89,242,-1,-1,-1,-1
730,25,195,363,82,238,-1,-1,-1,-1
730,26,111,366,87,241,-1,-1,-1,-1
731,25,197,364,82,237,-1,-1,-1,-1
731,26,114,367,85,240,-1,-1,-1,-1
732,25,197,363,83,238,-1,-1,-1,-1
732,26,117,368,85,242,-1,-1,-1,-1
733,25,198,362,83,239,-1,-1,-1,-1
733,26,121,368,85,244,-1,-1,-1,-1
734,25,199,361,83,240,-1,-1,-1,-1
734,26,124,365,84,246,-1,-1,-1,-1
735,25,200,360,85,240,-1,-1,-1,-1
735,26,127,364,84,246,-1,-1,-1,-1
736,25,201,361,87,241,-1,-1,-1,-1
736,26,129,364,82,246,-1,-1,-1,-1
736,29,467,361,97,202,-1,-1,-1,-1
737,25,203,363,90,241,-1,-1,-1,-1
737,26,133,364,79,246,-1,-1,-1,-1
737,29,460,361,103,207,-1,-1,-1,-1
738,25,205,365,94,241,-1,-1,-1,-1
738,26,136,365,77,246,-1,-1,-1,-1
738,29,446,361,111,211,-1,-1,-1,-1
739,25,208,364,95,243,-1,-1,-1,-1
739,26,139,364,76,246,-1,-1,-1,-1
739,29,435,362,112,209,-1,-1,-1,-1
740,25,213,364,93,244,-1,-1,-1,-1
740,26,140,364,76,245,-1,-1,-1,-1
740,29,423,367,112,203,-1,-1,-1,-1
741,25,218,363,89,244,-1,-1,-1,-1
741,26,143,364,77,243,-1,-1,-1,-1
741,29,409,369,114,201,-1,-1,-1,-1
742,25,221,363,86,244,-1,-1,-1,-1
742,26,146,366,78,242,-1,-1,-1,-1
742,29,396,368,114,200,-1,-1,-1,-1
743,25,224,362,84,245,-1,-1,-1,-1
743,26,150,365,78,244,-1,-1,-1,-1
743,29,384,368,113,199,-1,-1,-1,-1
744,25,225,362,82,245,-1,-1,-1,-1
744,26,152,363,77,245,-1,-1,-1,-1
744,29,370,369,113,198,-1,-1,-1,-1
745,25,227,363,80,245,-1,-1,-1,-1
745,26,156,363,76,246,-1,-1,-1,-1
745,29,355,372,114,195,-1,-1,-1,-1
746,25,228,362,80,245,-1,-1,-1,-1
746,26,159,363,76,245,-1,-1,-1,-1
746,29,342,375,114,191,-1,-1,-1,-1
747,25,231,360,80,244,-1,-1,-1,-1
747,26,161,361,77,244,-1,-1,-1,-1
747,29,331,377,111,188,-1,-1,-1,-1
748,25,234,360,80,243,-1,-1,-1,-1
748,26,163,360,79,244,-1,-1,-1,-1
748,29,324,378,107,187,-1,-1,-1,-1
749,25,237,359,81,243,-1,-1,-1,-1
749,26,164,360,82,243,-1,-1,-1,-1
749,29,318,380,101,187,-1,-1,-1,-1
750,25,240,358,82,245,-1,-1,-1,-1
750,26,165,360,85,242,-1,-1,-1,-1
750,29,312,381,95,185,-1,-1,-1,-1
751,25,244,358,84,245,-1,-1,-1,-1
751,26,165,359,88,241,-1,-1,-1,-1
751,29,304,378,86,183,-1,-1,-1,-1
752,25,251,361,87,241,-1,-1,-1,-1
752,26,168,360,90,241,-1,-1,-1,-1
752,29,302,383,80,182,-1,-1,-1,-1
753,25,258,363,94,239,-1,-1,-1,-1
753,26,172,362,92,241,-1,-1,-1,-1
754,25,256,362,98,243,-1,-1,-1,-1
754,26,176,364,92,239,-1,-1,-1,-1
755,25,252,361,99,246,-1,-1,-1,-1
755,26,179,365,92,237,-1,-1,-1,-1
756,25,254,358,96,248,-1,-1,-1,-1
756,26,184,364,91,236,-1,-1,-1,-1
757,25,259,356,93,249,-1,-1,-1,-1
757,26,188,362,89,234,-1,-1,-1,-1
758,25,264,355,89,249,-1,-1,-1,-1
758,26,190,361,88,231,-1,-1,-1,-1
759,25,270,356,88,249,-1,-1,-1,-1
759,26,189,361,91,231,-1,-1,-1,-1
760,25,275,357,87,250,-1,-1,-1,-1
760,26,188,361,96,231,-1,-1,-1,-1
761,25,279,357,86,250,-1,-1,-1,-1
761,26,186,362,102,228,-1,-1,-1,-1
762,25,281,357,87,252,-1,-1,-1,-1
762,26,181,363,108,221,-1,-1,-1,-1
763,25,282,356,89,253,-1,-1,-1,-1
763,26,175,367,115,215,-1,-1,-1,-1
764,25,283,354,94,254,-1,-1,-1,-1
764,26,179,368,119,221,-1,-1,-1,-1
765,25,285,354,98,254,-1,-1,-1,-1
765,26,198,368,109,232,-1,-1,-1,-1
765,30,147,383,83,169,-1,-1,-1,-1
766,25,286,354,101,253,-1,-1,-1,-1
766,26,214,365,95,237,-1,-1,-1,-1
766,30,140,386,85,166,-1,-1,-1,-1
767,25,287,353,103,252,-1,-1,-1,-1
767,26,221,361,86,238,-1,-1,-1,-1
767,30,133,388,86,161,-1,-1,-1,-1
768,25,288,353,105,253,-1,-1,-1,-1
768,26,226,360,79,235,-1,-1,-1,-1
768,30,125,389,85,156,-1,-1,-1,-1
769,25,290,355,108,253,-1,-1,-1,-1
769,26,230,363,73,236,-1,-1,-1,-1
769,30,116,389,83,153,-1,-1,-1,-1
770,25,292,356,110,253,-1,-1,-1,-1
770,26,234,365,70,239,-1,-1,-1,-1
770,30,109,389,82,152,-1,-1,-1,-1
771,25,295,357,109,252,-1,-1,-1,-1
771,26,239,365,69,243,-1,-1,-1,-1
771,30,101,390,81,154,-1,-1,-1,-1
772,25,299,356,109,252,-1,-1,-1,-1
772,26,242,364,70,245,-1,-1,-1,-1
772,30,93,390,81,155,-1,-1,-1,-1
773,25,302,354,108,253,-1,-1,-1,-1
773,26,243,361,74,246,-1,-1,-1,-1
773,30,84,389,81,155,-1,-1,-1,-1
774,25,306,353,108,254,-1,-1,-1,-1
774,26,243,361,78,248,-1,-1,-1,-1
774,30,77,388,81,154,-1,-1,-1,-1
775,25,308,353,111,254,-1,-1,-1,-1
775,26,243,360,81,250,-1,-1,-1,-1
775,30,69,389,82,153,-1,-1,-1,-1
776,25,308,353,113,256,-1,-1,-1,-1
776,26,244,359,84,252,-1,-1,-1,-1
776,30,60,389,82,153,-1,-1,-1,-1
777,25,308,353,111,258,-1,-1,-1,-1
777,26,246,359,85,254,-1,-1,-1,-1
777,30,52,390,84,156,-1,-1,-1,-1
778,25,310,352,107,261,-1,-1,-1,-1
778,26,248,359,86,255,-1,-1,-1,-1
778,30,45,390,84,158,-1,-1,-1,-1
779,25,316,351,100,263,-1,-1,-1,-1
779,26,252,360,87,257,-1,-1,-1,-1
779,30,38,390,83,159,-1,-1,-1,-1
780,25,325,349,89,264,-1,-1,-1,-1
780,26,259,358,89,260,-1,-1,-1,-1
780,30,30,390,82,158,-1,-1,-1,-1
781,25,332,348,81,265,-1,-1,-1,-1
781,26,265,355,92,265,-1,-1,-1,-1
781,30,23,390,83,158,-1,-1,-1,-1
782,25,335,348,76,266,-1,-1,-1,-1
782,26,270,353,93,268,-1,-1,-1,-1
782,30,17,389,83,159,-1,-1,-1,-1
783,25,338,348,76,265,-1,-1,-1,-1
783,26,274,352,92,267,-1,-1,-1,-1
783,30,12,391,81,160,-1,-1,-1,-1
784,25,341,349,78,261,-1,-1,-1,-1
784,26,277,353,89,265,-1,-1,-1,-1
784,30,8,393,79,159,-1,-1,-1,-1
785,25,342,351,81,260,-1,-1,-1,-1
785,26,281,354,87,265,-1,-1,-1,-1
785,30,4,394,77,157,-1,-1,-1,-1
786,25,335,350,91,262,-1,-1,-1,-1
786,26,285,351,87,266,-1,-1,-1,-1
786,30,1,396,73,156,-1,-1,-1,-1
787,25,318,348,108,266,-1,-1,-1,-1
787,30,0,398,66,155,-1,-1,-1,-1
788,25,304,346,124,270,-1,-1,-1,-1
788,30,-0,398,61,155,-1,-1,-1,-1
789,25,299,345,135,272,-1,-1,-1,-1
789,30,-0,399,56,155,-1,-1,-1,-1
790,25,299,345,139,271,-1,-1,-1,-1
790,30,-0,400,54,152,-1,-1,-1,-1
791,25,303,346,137,267,-1,-1,-1,-1
792,25,311,346,132,265,-1,-1,-1,-1
793,25,322,347,127,266,-1,-1,-1,-1
794,25,327,347,130,269,-1,-1,-1,-1
795,25,332,346,138,272,-1,-1,-1,-1
796,25,336,346,146,272,-1,-1,-1,-1
797,25,348,346,148,270,-1,-1,-1,-1
798,25,365,348,141,267,-1,-1,-1,-1
799,25,375,347,135,264,-1,-1,-1,-1
800,25,375,346,131,265,-1,-1,-1,-1
801,25,373,344,126,269,-1,-1,-1,-1
802,25,382,344,119,269,-1,-1,-1,-1
803,25,395,346,110,266,-1,-1,-1,-1
803,31,361,351,73,258,-1,-1,-1,-1
804,25,408,347,101,265,-1,-1,-1,-1
804,31,364,350,74,264,-1,-1,-1,-1
805,25,416,346,96,266,-1,-1,-1,-1
805,31,367,348,79,268,-1,-1,-1,-1
806,25,419,344,95,268,-1,-1,-1,-1
806,31,368,344,85,269,-1,-1,-1,-1
807,25,418,345,97,267,-1,-1,-1,-1
807,31,370,345,82,269,-1,-1,-1,-1
808,25,418,346,100,268,-1,-1,-1,-1
808,31,374,347,77,271,-1,-1,-1,-1
809,25,421,347,102,271,-1,-1,-1,-1
809,31,377,346,76,275,-1,-1,-1,-1
810,25,428,347,101,271,-1,-1,-1,-1
810,31,380,346,77,278,-1,-1,-1,-1
811,25,437,347,98,270,-1,-1,-1,-1
811,31,386,348,81,279,-1,-1,-1,-1
812,25,446,348,93,268,-1,-1,-1,-1
812,31,390,349,84,279,-1,-1,-1,-1
813,25,452,349,89,265,-1,-1,-1,-1
813,31,391,346,85,278,-1,-1,-1,-1
814,25,457,348,87,262,-1,-1,-1,-1
814,31,392,345,89,278,-1,-1,-1,-1
815,25,462,347,85,260,-1,-1,-1,-1
815,31,396,344,92,280,-1,-1,-1,-1
816,25,469,346,82,256,-1,-1,-1,-1
816,31,401,344,94,284,-1,-1,-1,-1
817,25,476,347,77,253,-1,-1,-1,-1
817,31,408,343,94,287,-1,-1,-1,-1
818,25,480,350,74,255,-1,-1,-1,-1
818,31,414,342,97,289,-1,-1,-1,-1
819,25,482,350,72,258,-1,-1,-1,-1
819,31,418,340,101,290,-1,-1,-1,-1
820,25,486,349,70,260,-1,-1,-1,-1
820,31,420,339,102,290,-1,-1,-1,-1
821,25,491,348,65,261,-1,-1,-1,-1
821,31,424,338,103,292,-1,-1,-1,-1
822,31,429,337,104,291,-1,-1,-1,-1
823,31,434,337,106,290,-1,-1,-1,-1
824,31,438,339,109,288,-1,-1,-1,-1
825,31,440,339,111,288,-1,-1,-1,-1
826,31,442,338,111,284,-1,-1,-1,-1
827,31,444,337,111,279,-1,-1,-1,-1
828,31,448,339,110,274,-1,-1,-1,-1
829,31,451,341,107,275,-1,-1,-1,-1
830,31,453,341,105,279,-1,-1,-1,-1
831,31,457,342,103,282,-1,-1,-1,-1
832,31,462,341,101,286,-1,-1,-1,-1
833,31,466,340,100,290,-1,-1,-1,-1
834,31,472,340,98,289,-1,-1,-1,-1
835,31,478,341,95,285,-1,-1,-1,-1
835,32,1487,311,71,292,-1,-1,-1,-1
836,32,1477,311,81,289,-1,-1,-1,-1
837,32,1464,314,94,283,-1,-1,-1,-1
838,32,1455,319,102,263,-1,-1,-1,-1
839,32,1452,325,104,231,-1,-1,-1,-1
840,32,1442,330,111,237,-1,-1,-1,-1
841,32,1434,326,120,256,-1,-1,-1,-1
842,32,1429,323,125,267,-1,-1,-1,-1
843,32,1427,321,126,273,-1,-1,-1,-1
844,32,1422,319,123,278,-1,-1,-1,-1
845,32,1417,318,118,281,-1,-1,-1,-1
846,32,1412,317,114,282,-1,-1,-1,-1
847,32,1407,316,110,283,-1,-1,-1,-1
848,32,1399,314,110,285,-1,-1,-1,-1
849,32,1389,314,112,285,-1,-1,-1,-1
850,32,1377,316,118,284,-1,-1,-1,-1
851,32,1355,318,135,283,-1,-1,-1,-1
852,32,1333,318,156,281,-1,-1,-1,-1
853,32,1323,318,168,278,-1,-1,-1,-1
854,32,1320,318,170,276,-1,-1,-1,-1
855,32,1317,319,170,276,-1,-1,-1,-1
856,32,1311,321,169,276,-1,-1,-1,-1
857,32,1305,321,165,278,-1,-1,-1,-1
858,32,1300,322,155,279,-1,-1,-1,-1
859,32,1295,319,145,279,-1,-1,-1,-1
860,32,1287,316,137,280,-1,-1,-1,-1
861,32,1279,317,132,278,-1,-1,-1,-1
862,32,1274,319,128,277,-1,-1,-1,-1
863,32,1268,319,125,277,-1,-1,-1,-1
864,32,1261,320,124,277,-1,-1,-1,-1
865,32,1253,320,126,274,-1,-1,-1,-1
866,32,1246,323,131,271,-1,-1,-1,-1
867,32,1236,326,140,271,-1,-1,-1,-1
868,32,1226,326,150,272,-1,-1,-1,-1
869,32,1220,324,157,273,-1,-1,-1,-1
870,32,1215,325,155,273,-1,-1,-1,-1
871,32,1211,326,146,275,-1,-1,-1,-1
872,32,1206,324,133,277,-1,-1,-1,-1
873,32,1203,322,122,277,-1,-1,-1,-1
874,32,1201,322,114,276,-1,-1,-1,-1
875,32,1196,323,107,274,-1,-1,-1,-1
876,32,1191,323,104,274,-1,-1,-1,-1
877,32,1185,324,105,274,-1,-1,-1,-1
878,32,1179,324,106,273,-1,-1,-1,-1
879,32,1172,324,108,274,-1,-1,-1,-1
880,32,1164,324,113,274,-1,-1,-1,-1
881,32,1155,325,121,273,-1,-1,-1,-1
882,32,1147,326,128,272,-1,-1,-1,-1
883,32,1139,327,132,272,-1,-1,-1,-1
884,32,1133,329,130,271,-1,-1,-1,-1
885,32,1127,329,127,269,-1,-1,-1,-1
886,32,1123,328,124,268,-1,-1,-1,-1
887,32,1118,327,122,268,-1,-1,-1,-1
888,32,1113,326,120,267,-1,-1,-1,-1
889,32,1108,327,116,267,-1,-1,-1,-1
890,32,1104,326,111,269,-1,-1,-1,-1
891,32,1102,323,104,269,-1,-1,-1,-1
892,32,1100,325,96,266,-1,-1,-1,-1
893,32,1099,327,91,262,-1,-1,-1,-1
894,32,1100,332,88,257,-1,-1,-1,-1
895,32,1102,340,85,250,-1,-1,-1,-1
896,32,1101,350,85,240,-1,-1,-1,-1
897,32,1098,359,84,233,-1,-1,-1,-1
904,33,990,353,65,250,-1,-1,-1,-1
905,33,987,348,71,256,-1,-1,-1,-1
905,34,874,320,95,298,-1,-1,-1,-1
906,33,983,344,75,259,-1,-1,-1,-1
906,34,874,320,98,298,-1,-1,-1,-1
907,33,979,342,78,260,-1,-1,-1,-1
907,34,875,316,102,303,-1,-1,-1,-1
908,33,976,339,79,259,-1,-1,-1,-1
908,34,876,312,106,308,-1,-1,-1,-1
909,33,974,339,78,258,-1,-1,-1,-1
909,34,878,309,107,319,-1,-1,-1,-1
910,33,972,340,78,258,-1,-1,-1,-1
910,34,881,310,106,327,-1,-1,-1,-1
911,33,971,344,77,258,-1,-1,-1,-1
911,34,887,314,106,326,-1,-1,-1,-1
912,33,969,342,75,259,-1,-1,-1,-1
912,34,894,314,109,324,-1,-1,-1,-1
913,33,969,338,74,258,-1,-1,-1,-1
913,34,899,309,117,325,-1,-1,-1,-1
914,34,902,306,128,327,-1,-1,-1,-1
915,34,903,304,134,327,-1,-1,-1,-1
916,34,905,305,134,323,-1,-1,-1,-1
917,34,907,307,131,321,-1,-1,-1,-1
918,34,906,308,129,324,-1,-1,-1,-1
919,34,902,311,125,324,-1,-1,-1,-1
920,34,901,317,118,314,-1,-1,-1,-1
921,34,915,318,121,311,-1,-1,-1,-1
922,34,934,316,122,313,-1,-1,-1,-1
922,35,883,342,85,279,-1,-1,-1,-1
923,34,949,311,116,313,-1,-1,-1,-1
923,35,879,343,92,271,-1,-1,-1,-1
924,34,958,307,109,313,-1,-1,-1,-1
924,35,875,344,95,263,-1,-1,-1,-1
925,34,964,307,104,309,-1,-1,-1,-1
925,35,872,343,93,259,-1,-1,-1,-1
926,34,968,309,101,304,-1,-1,-1,-1
926,35,868,340,92,263,-1,-1,-1,-1
927,34,973,309,99,306,-1,-1,-1,-1
927,35,865,338,91,263,-1,-1,-1,-1
928,34,978,308,96,310,-1,-1,-1,-1
928,35,864,338,88,260,-1,-1,-1,-1
929,35,865,337,83,257,-1,-1,-1,-1
930,35,866,334,77,254,-1,-1,-1,-1
931,35,866,338,70,248,-1,-1,-1,-1
932,35,864,339,68,246,-1,-1,-1,-1
943,36,1116,326,84,310,-1,-1,-1,-1
944,36,1117,326,88,313,-1,-1,-1,-1
947,36,1118,319,97,324,-1,-1,-1,-1
948,36,1119,314,107,330,-1,-1,-1,-1
949,36,1118,308,116,325,-1,-1,-1,-1
950,36,1119,304,122,324,-1,-1,-1,-1
951,36,1121,304,130,329,-1,-1,-1,-1
952,36,1124,302,140,334,-1,-1,-1,-1
953,36,1125,299,152,338,-1,-1,-1,-1
954,36,1126,297,164,342,-1,-1,-1,-1
955,36,1129,295,172,343,-1,-1,-1,-1
956,36,1130,294,179,341,-1,-1,-1,-1
957,36,1131,293,183,341,-1,-1,-1,-1
958,36,1133,290,181,343,-1,-1,-1,-1
959,36,1139,288,175,346,-1,-1,-1,-1
960,36,1148,285,171,350,-1,-1,-1,-1
961,36,1154,283,172,355,-1,-1,-1,-1
962,36,1158,283,172,355,-1,-1,-1,-1
963,36,1165,281,172,354,-1,-1,-1,-1
964,36,1172,279,168,353,-1,-1,-1,-1
965,36,1178,278,161,350,-1,-1,-1,-1
966,36,1186,278,156,346,-1,-1,-1,-1
967,36,1195,283,154,343,-1,-1,-1,-1
968,36,1204,290,155,346,-1,-1,-1,-1
969,36,1210,289,159,351,-1,-1,-1,-1
970,36,1215,287,165,352,-1,-1,-1,-1
971,36,1222,289,176,348,-1,-1,-1,-1
972,36,1226,290,190,345,-1,-1,-1,-1
973,36,1227,291,204,344,-1,-1,-1,-1
974,36,1227,292,211,342,-1,-1,-1,-1
975,36,1228,293,213,340,-1,-1,-1,-1
976,36,1233,292,209,340,-1,-1,-1,-1
977,36,1238,292,204,342,-1,-1,-1,-1
978,36,1242,291,202,345,-1,-1,-1,-1
979,36,1249,288,198,349,-1,-1,-1,-1
980,36,1261,286,191,353,-1,-1,-1,-1
981,36,1273,284,184,354,-1,-1,-1,-1
982,36,1286,282,177,352,-1,-1,-1,-1
983,36,1296,283,170,351,-1,-1,-1,-1
984,36,1294,284,161,352,-1,-1,-1,-1
985,36,1283,288,146,345,-1,-1,-1,-1
986,36,1287,292,132,336,-1,-1,-1,-1
986,37,486,360,79,235,-1,-1,-1,-1
987,36,1297,294,122,333,-1,-1,-1,-1
987,37,482,362,82,237,-1,-1,-1,-1
988,36,1306,295,117,332,-1,-1,-1,-1
988,37,473,364,90,235,-1,-1,-1,-1
989,36,1313,294,115,333,-1,-1,-1,-1
989,37,462,363,100,235,-1,-1,-1,-1
990,36,1319,291,117,334,-1,-1,-1,-1
990,37,453,365,109,234,-1,-1,-1,-1
991,36,1329,289,128,338,-1,-1,-1,-1
991,37,448,367,113,232,-1,-1,-1,-1
992,36,1337,285,146,343,-1,-1,-1,-1
992,37,445,368,114,229,-1,-1,-1,-1
993,36,1333,285,148,345,-1,-1,-1,-1
993,37,443,369,115,229,-1,-1,-1,-1
994,36,1335,284,151,344,-1,-1,-1,-1
994,37,439,371,112,228,-1,-1,-1,-1
995,36,1347,280,166,344,-1,-1,-1,-1
995,37,431,372,102,227,-1,-1,-1,-1
995,38,499,370,74,219,-1,-1,-1,-1
996,36,1352,279,181,345,-1,-1,-1,-1
996,37,428,370,89,227,-1,-1,-1,-1
996,38,495,369,75,223,-1,-1,-1,-1
997,36,1354,280,189,345,-1,-1,-1,-1
997,37,426,367,83,228,-1,-1,-1,-1
997,38,494,367,74,223,-1,-1,-1,-1
998,36,1355,280,190,343,-1,-1,-1,-1
998,37,422,366,82,228,-1,-1,-1,-1
998,38,493,367,74,223,-1,-1,-1,-1
999,36,1359,283,179,338,-1,-1,-1,-1
999,37,415,364,84,232,-1,-1,-1,-1
999,38,490,365,75,226,-1,-1,-1,-1
1000,36,1371,282,183,337,-1,-1,-1,-1
1000,37,413,364,86,233,-1,-1,-1,-1
1000,38,489,366,75,222,-1,-1,-1,-1
