1,1,280,376,100,236,-1,-1,-1,-1
2,1,284,376,100,237,-1,-1,-1,-1
3,1,285,377,101,231,-1,-1,-1,-1
4,1,287,377,104,232,-1,-1,-1,-1
5,1,288,376,113,234,-1,-1,-1,-1
6,1,290,377,115,234,-1,-1,-1,-1
7,1,295,375,116,238,-1,-1,-1,-1
8,1,299,376,115,235,-1,-1,-1,-1
9,1,304,378,116,234,-1,-1,-1,-1
10,1,308,374,115,243,-1,-1,-1,-1
11,1,314,375,111,245,-1,-1,-1,-1
12,1,323,377,99,241,-1,-1,-1,-1
13,1,332,377,89,240,-1,-1,-1,-1
14,1,340,373,83,247,-1,-1,-1,-1
15,1,341,372,91,246,-1,-1,-1,-1
16,1,341,372,109,243,-1,-1,-1,-1
17,1,349,372,110,241,-1,-1,-1,-1
18,1,353,371,110,245,-1,-1,-1,-1
19,1,351,375,117,240,-1,-1,-1,-1
20,1,351,380,125,233,-1,-1,-1,-1
21,1,359,380,120,238,-1,-1,-1,-1
22,1,368,377,116,246,-1,-1,-1,-1
23,1,371,379,118,245,-1,-1,-1,-1
24,1,382,381,103,242,-1,-1,-1,-1
25,1,390,379,99,243,-1,-1,-1,-1
26,1,399,375,98,251,-1,-1,-1,-1
27,1,405,376,101,247,-1,-1,-1,-1
28,1,411,377,106,241,-1,-1,-1,-1
29,1,415,376,113,239,-1,-1,-1,-1
30,1,420,371,119,250,-1,-1,-1,-1
31,1,428,372,115,243,-1,-1,-1,-1
32,1,433,371,116,247,-1,-1,-1,-1
33,1,438,372,116,245,-1,-1,-1,-1
34,1,441,372,118,246,-1,-1,-1,-1
35,1,447,375,111,239,-1,-1,-1,-1
36,1,452,378,108,234,-1,-1,-1,-1
37,1,455,374,106,243,-1,-1,-1,-1
38,1,461,375,102,246,-1,-1,-1,-1
39,1,470,378,94,240,-1,-1,-1,-1
40,1,481,374,84,240,-1,-1,-1,-1
41,1,488,373,80,237,-1,-1,-1,-1
42,1,495,367,74,249,-1,-1,-1,-1
43,1,499,375,71,232,-1,-1,-1,-1
44,1,502,369,70,242,-1,-1,-1,-1
45,1,504,363,70,247,-1,-1,-1,-1
46,1,508,367,65,239,-1,-1,-1,-1
47,1,509,365,70,242,-1,-1,-1,-1
48,1,512,365,69,240,-1,-1,-1,-1
49,1,515,363,69,242,-1,-1,-1,-1
50,1,518,362,69,242,-1,-1,-1,-1
51,1,522,361,68,241,-1,-1,-1,-1
52,1,524,360,69,241,-1,-1,-1,-1
53,1,527,359,69,241,-1,-1,-1,-1
54,1,530,358,69,242,-1,-1,-1,-1
55,1,532,357,69,241,-1,-1,-1,-1
1,2,405,379,87,214,-1,-1,-1,-1
2,2,407,383,88,212,-1,-1,-1,-1
3,2,410,381,88,212,-1,-1,-1,-1
4,2,412,381,89,216,-1,-1,-1,-1
5,2,422,381,86,212,-1,-1,-1,-1
6,2,426,383,84,211,-1,-1,-1,-1
7,2,433,380,79,215,-1,-1,-1,-1
8,2,435,382,87,210,-1,-1,-1,-1
9,2,441,380,90,212,-1,-1,-1,-1
10,2,444,379,95,214,-1,-1,-1,-1
11,2,447,378,103,216,-1,-1,-1,-1
12,2,453,379,101,216,-1,-1,-1,-1
13,2,454,379,110,218,-1,-1,-1,-1
14,2,459,382,105,213,-1,-1,-1,-1
15,2,464,381,100,217,-1,-1,-1,-1
16,2,470,385,92,212,-1,-1,-1,-1
17,2,476,381,83,215,-1,-1,-1,-1
18,2,480,376,80,220,-1,-1,-1,-1
19,2,487,377,72,214,-1,-1,-1,-1
20,2,491,374,69,218,-1,-1,-1,-1
21,2,494,376,68,213,-1,-1,-1,-1
22,2,500,382,64,199,-1,-1,-1,-1
23,2,504,385,61,193,-1,-1,-1,-1
24,2,509,384,53,196,-1,-1,-1,-1
25,2,507,380,63,204,-1,-1,-1,-1
26,2,510,380,62,201,-1,-1,-1,-1
27,2,514,382,60,198,-1,-1,-1,-1
28,2,516,382,60,198,-1,-1,-1,-1
29,2,519,380,60,199,-1,-1,-1,-1
30,2,521,380,61,200,-1,-1,-1,-1
31,2,524,379,60,199,-1,-1,-1,-1
32,2,527,379,60,199,-1,-1,-1,-1
33,2,529,378,60,199,-1,-1,-1,-1
74,3,1436,332,122,268,-1,-1,-1,-1
75,3,1425,329,129,272,-1,-1,-1,-1
76,3,1424,328,128,264,-1,-1,-1,-1
77,3,1420,321,132,273,-1,-1,-1,-1
78,3,1418,321,130,275,-1,-1,-1,-1
79,3,1421,315,128,283,-1,-1,-1,-1
80,3,1446,312,96,281,-1,-1,-1,-1
81,3,1455,310,84,278,-1,-1,-1,-1
82,3,1447,312,95,269,-1,-1,-1,-1
83,3,1442,313,95,265,-1,-1,-1,-1
84,3,1433,314,100,265,-1,-1,-1,-1
85,3,1420,317,110,266,-1,-1,-1,-1
86,3,1401,322,124,260,-1,-1,-1,-1
87,3,1404,320,105,265,-1,-1,-1,-1
88,3,1378,320,136,278,-1,-1,-1,-1
89,3,1364,326,142,272,-1,-1,-1,-1
90,3,1353,323,140,284,-1,-1,-1,-1
91,3,1326,335,152,264,-1,-1,-1,-1
92,3,1310,333,150,264,-1,-1,-1,-1
93,3,1314,325,117,272,-1,-1,-1,-1
94,3,1313,322,94,274,-1,-1,-1,-1
95,3,1310,326,81,260,-1,-1,-1,-1
96,3,1297,327,90,257,-1,-1,-1,-1
97,3,1278,322,106,265,-1,-1,-1,-1
98,3,1269,328,110,261,-1,-1,-1,-1
99,3,1266,328,96,263,-1,-1,-1,-1
100,3,1255,329,97,261,-1,-1,-1,-1
101,3,1243,329,100,262,-1,-1,-1,-1
102,3,1232,329,102,263,-1,-1,-1,-1
103,3,1222,330,101,262,-1,-1,-1,-1
104,3,1213,330,99,262,-1,-1,-1,-1
105,3,1203,331,100,262,-1,-1,-1,-1
84,4,1347,325,129,268,-1,-1,-1,-1
85,4,1316,329,161,266,-1,-1,-1,-1
86,4,1306,340,152,251,-1,-1,-1,-1
87,4,1298,331,149,267,-1,-1,-1,-1
88,4,1294,337,142,259,-1,-1,-1,-1
89,4,1292,336,125,263,-1,-1,-1,-1
90,4,1289,333,114,268,-1,-1,-1,-1
91,4,1266,337,137,262,-1,-1,-1,-1
92,4,1258,337,133,264,-1,-1,-1,-1
93,4,1267,329,81,269,-1,-1,-1,-1
94,4,1255,331,86,263,-1,-1,-1,-1
95,4,1237,331,99,263,-1,-1,-1,-1
96,4,1226,331,97,265,-1,-1,-1,-1
97,4,1211,334,130,260,-1,-1,-1,-1
98,4,1190,344,146,245,-1,-1,-1,-1
99,4,1193,337,158,262,-1,-1,-1,-1
100,4,1194,347,147,243,-1,-1,-1,-1
101,4,1211,337,138,262,-1,-1,-1,-1
102,4,1215,338,141,257,-1,-1,-1,-1
103,4,1213,339,147,255,-1,-1,-1,-1
104,4,1222,343,119,247,-1,-1,-1,-1
105,4,1217,337,115,255,-1,-1,-1,-1
106,4,1218,332,91,262,-1,-1,-1,-1
107,4,1212,334,77,251,-1,-1,-1,-1
108,4,1195,327,84,257,-1,-1,-1,-1
109,4,1180,331,87,251,-1,-1,-1,-1
110,4,1169,329,91,260,-1,-1,-1,-1
111,4,1153,328,103,263,-1,-1,-1,-1
112,4,1130,334,128,251,-1,-1,-1,-1
113,4,1120,332,129,258,-1,-1,-1,-1
114,4,1109,341,134,245,-1,-1,-1,-1
115,4,1106,341,130,252,-1,-1,-1,-1
116,4,1105,345,119,251,-1,-1,-1,-1
117,4,1100,340,115,263,-1,-1,-1,-1
118,4,1095,344,108,269,-1,-1,-1,-1
119,4,1105,354,76,262,-1,-1,-1,-1
120,4,1099,357,81,263,-1,-1,-1,-1
121,4,1098,354,83,273,-1,-1,-1,-1
122,4,1100,355,83,273,-1,-1,-1,-1
123,4,1104,360,84,266,-1,-1,-1,-1
124,4,1108,356,86,272,-1,-1,-1,-1
125,4,1110,352,91,277,-1,-1,-1,-1
126,4,1108,342,110,301,-1,-1,-1,-1
127,4,1113,338,116,309,-1,-1,-1,-1
128,4,1115,342,119,303,-1,-1,-1,-1
129,4,1127,349,86,295,-1,-1,-1,-1
130,4,1120,349,104,297,-1,-1,-1,-1
131,4,1122,353,93,292,-1,-1,-1,-1
132,4,1117,351,108,298,-1,-1,-1,-1
133,4,1119,344,110,309,-1,-1,-1,-1
134,4,1126,350,107,289,-1,-1,-1,-1
135,4,1126,341,122,297,-1,-1,-1,-1
136,4,1133,334,127,307,-1,-1,-1,-1
137,4,1146,340,124,297,-1,-1,-1,-1
138,4,1155,334,126,311,-1,-1,-1,-1
139,4,1155,331,157,315,-1,-1,-1,-1
140,4,1172,329,155,315,-1,-1,-1,-1
141,4,1185,328,147,319,-1,-1,-1,-1
142,4,1200,335,126,310,-1,-1,-1,-1
143,4,1194,338,157,306,-1,-1,-1,-1
144,4,1217,335,117,311,-1,-1,-1,-1
145,4,1206,334,166,313,-1,-1,-1,-1
146,4,1210,333,187,313,-1,-1,-1,-1
147,4,1222,329,191,314,-1,-1,-1,-1
148,4,1227,334,205,297,-1,-1,-1,-1
149,4,1242,322,193,316,-1,-1,-1,-1
150,4,1249,324,200,316,-1,-1,-1,-1
151,4,1268,320,181,328,-1,-1,-1,-1
152,4,1275,321,177,332,-1,-1,-1,-1
153,4,1273,328,196,319,-1,-1,-1,-1
154,4,1281,327,193,324,-1,-1,-1,-1
155,4,1291,329,189,321,-1,-1,-1,-1
156,4,1299,333,186,316,-1,-1,-1,-1
157,4,1312,329,173,322,-1,-1,-1,-1
158,4,1314,330,185,317,-1,-1,-1,-1
159,4,1327,329,183,324,-1,-1,-1,-1
160,4,1321,327,213,328,-1,-1,-1,-1
161,4,1324,328,222,324,-1,-1,-1,-1
162,4,1332,330,225,319,-1,-1,-1,-1
163,4,1347,328,212,322,-1,-1,-1,-1
164,4,1370,328,185,318,-1,-1,-1,-1
165,4,1392,323,164,329,-1,-1,-1,-1
166,4,1408,323,150,330,-1,-1,-1,-1
167,4,1420,328,141,319,-1,-1,-1,-1
168,4,1427,327,136,323,-1,-1,-1,-1
169,4,1433,326,131,322,-1,-1,-1,-1
170,4,1435,319,130,335,-1,-1,-1,-1
171,4,1436,325,128,327,-1,-1,-1,-1
172,4,1439,325,124,325,-1,-1,-1,-1
173,4,1436,328,127,313,-1,-1,-1,-1
174,4,1435,334,127,299,-1,-1,-1,-1
175,4,1449,332,106,306,-1,-1,-1,-1
176,4,1464,336,88,297,-1,-1,-1,-1
177,4,1477,333,76,300,-1,-1,-1,-1
178,4,1493,330,60,309,-1,-1,-1,-1
179,4,1482,334,91,302,-1,-1,-1,-1
180,4,1491,332,84,303,-1,-1,-1,-1
181,4,1498,333,80,302,-1,-1,-1,-1
182,4,1505,332,78,304,-1,-1,-1,-1
183,4,1509,332,79,304,-1,-1,-1,-1
184,4,1513,332,82,303,-1,-1,-1,-1
185,4,1518,332,81,303,-1,-1,-1,-1
186,4,1524,332,80,303,-1,-1,-1,-1
88,5,867,356,116,245,-1,-1,-1,-1
89,5,870,352,120,252,-1,-1,-1,-1
90,5,872,355,119,245,-1,-1,-1,-1
91,5,877,354,115,251,-1,-1,-1,-1
92,5,877,355,120,253,-1,-1,-1,-1
93,5,888,357,110,256,-1,-1,-1,-1
94,5,901,360,98,254,-1,-1,-1,-1
95,5,912,359,91,257,-1,-1,-1,-1
96,5,921,358,91,258,-1,-1,-1,-1
97,5,934,356,83,261,-1,-1,-1,-1
98,5,941,359,90,253,-1,-1,-1,-1
99,5,948,360,92,252,-1,-1,-1,-1
100,5,950,358,102,258,-1,-1,-1,-1
101,5,956,353,104,269,-1,-1,-1,-1
102,5,967,357,94,266,-1,-1,-1,-1
103,5,973,353,87,278,-1,-1,-1,-1
104,5,978,357,82,270,-1,-1,-1,-1
105,5,979,353,83,278,-1,-1,-1,-1
106,5,993,353,69,273,-1,-1,-1,-1
107,5,1006,357,58,263,-1,-1,-1,-1
108,5,1003,351,76,273,-1,-1,-1,-1
98,6,868,350,86,277,-1,-1,-1,-1
99,6,867,354,94,271,-1,-1,-1,-1
100,6,872,355,95,268,-1,-1,-1,-1
101,6,878,353,97,272,-1,-1,-1,-1
102,6,884,354,97,273,-1,-1,-1,-1
103,6,887,355,109,280,-1,-1,-1,-1
104,6,896,358,109,277,-1,-1,-1,-1
105,6,902,356,116,282,-1,-1,-1,-1
106,6,912,358,111,275,-1,-1,-1,-1
107,6,919,353,117,287,-1,-1,-1,-1
108,6,929,353,115,286,-1,-1,-1,-1
109,6,938,348,109,291,-1,-1,-1,-1
110,6,941,346,116,292,-1,-1,-1,-1
111,6,950,348,109,286,-1,-1,-1,-1
112,6,960,342,102,297,-1,-1,-1,-1
113,6,966,344,98,293,-1,-1,-1,-1
114,6,969,345,100,296,-1,-1,-1,-1
115,6,972,350,99,290,-1,-1,-1,-1
116,6,978,354,96,288,-1,-1,-1,-1
117,6,986,360,91,275,-1,-1,-1,-1
118,6,987,353,97,289,-1,-1,-1,-1
119,6,992,355,97,288,-1,-1,-1,-1
120,6,998,357,96,286,-1,-1,-1,-1
121,6,997,369,70,238,-1,-1,-1,-1
122,6,976,355,103,252,-1,-1,-1,-1
123,6,962,349,118,256,-1,-1,-1,-1
124,6,953,347,118,259,-1,-1,-1,-1
125,6,946,356,117,236,-1,-1,-1,-1
126,6,942,355,112,232,-1,-1,-1,-1
127,6,936,352,109,234,-1,-1,-1,-1
128,6,934,351,100,235,-1,-1,-1,-1
129,6,929,349,86,237,-1,-1,-1,-1
130,6,922,349,80,234,-1,-1,-1,-1
131,6,913,348,82,238,-1,-1,-1,-1
132,6,897,351,92,232,-1,-1,-1,-1
133,6,894,359,78,220,-1,-1,-1,-1
134,6,875,353,100,231,-1,-1,-1,-1
135,6,869,358,97,218,-1,-1,-1,-1
136,6,866,355,90,218,-1,-1,-1,-1
137,6,861,354,87,216,-1,-1,-1,-1
138,6,865,354,75,219,-1,-1,-1,-1
105,7,1145,343,85,241,-1,-1,-1,-1
106,7,1138,338,82,250,-1,-1,-1,-1
107,7,1125,339,86,247,-1,-1,-1,-1
108,7,1114,345,87,237,-1,-1,-1,-1
109,7,1109,336,86,257,-1,-1,-1,-1
110,7,1104,343,85,246,-1,-1,-1,-1
111,7,1100,350,86,233,-1,-1,-1,-1
112,7,1093,345,86,244,-1,-1,-1,-1
113,7,1086,345,86,243,-1,-1,-1,-1
129,7,989,349,80,222,-1,-1,-1,-1
130,7,984,345,76,230,-1,-1,-1,-1
131,7,978,347,79,232,-1,-1,-1,-1
132,7,972,348,81,233,-1,-1,-1,-1
133,7,962,349,89,232,-1,-1,-1,-1
134,7,956,344,88,242,-1,-1,-1,-1
135,7,949,344,85,241,-1,-1,-1,-1
136,7,939,346,90,238,-1,-1,-1,-1
137,7,928,348,98,236,-1,-1,-1,-1
138,7,911,347,114,240,-1,-1,-1,-1
139,7,895,349,128,240,-1,-1,-1,-1
140,7,884,349,131,238,-1,-1,-1,-1
141,7,879,352,130,235,-1,-1,-1,-1
142,7,872,351,129,235,-1,-1,-1,-1
143,7,869,353,121,233,-1,-1,-1,-1
144,7,866,357,114,224,-1,-1,-1,-1
145,7,873,355,84,220,-1,-1,-1,-1
146,7,871,348,75,224,-1,-1,-1,-1
133,8,1186,343,116,289,-1,-1,-1,-1
134,8,1200,347,101,282,-1,-1,-1,-1
135,8,1215,352,88,267,-1,-1,-1,-1
136,8,1236,357,59,257,-1,-1,-1,-1
137,8,1234,345,73,278,-1,-1,-1,-1
138,8,1235,345,87,275,-1,-1,-1,-1
139,8,1245,346,82,272,-1,-1,-1,-1
140,8,1254,346,78,270,-1,-1,-1,-1
141,8,1263,345,76,270,-1,-1,-1,-1
142,8,1268,342,79,273,-1,-1,-1,-1
143,8,1275,342,80,272,-1,-1,-1,-1
144,8,1283,343,86,286,-1,-1,-1,-1
145,8,1294,349,80,274,-1,-1,-1,-1
146,8,1302,348,80,275,-1,-1,-1,-1
147,8,1308,348,81,276,-1,-1,-1,-1
148,8,1316,347,82,277,-1,-1,-1,-1
149,8,1324,348,82,278,-1,-1,-1,-1
150,8,1332,349,81,276,-1,-1,-1,-1
137,9,0,224,243,854,-1,-1,-1,-1
138,9,1,227,257,854,-1,-1,-1,-1
139,9,5,201,259,887,-1,-1,-1,-1
140,9,1,204,286,871,-1,-1,-1,-1
141,9,3,213,295,843,-1,-1,-1,-1
142,9,2,207,312,859,-1,-1,-1,-1
143,9,-1,194,340,879,-1,-1,-1,-1
144,9,2,198,355,876,-1,-1,-1,-1
145,9,1,192,382,886,-1,-1,-1,-1
146,9,-5,182,426,896,-1,-1,-1,-1
147,9,4,175,439,901,-1,-1,-1,-1
148,9,15,178,442,885,-1,-1,-1,-1
149,9,44,173,409,889,-1,-1,-1,-1
150,9,52,168,419,891,-1,-1,-1,-1
151,9,61,164,427,893,-1,-1,-1,-1
152,9,74,162,427,892,-1,-1,-1,-1
153,9,88,160,425,890,-1,-1,-1,-1
154,9,103,155,421,891,-1,-1,-1,-1
155,9,115,152,424,891,-1,-1,-1,-1
156,9,127,149,425,891,-1,-1,-1,-1
157,9,141,145,424,891,-1,-1,-1,-1
151,10,0,775,242,303,-1,-1,-1,-1
152,10,-3,773,275,305,-1,-1,-1,-1
153,10,1,775,292,301,-1,-1,-1,-1
154,10,0,778,321,298,-1,-1,-1,-1
155,10,8,777,343,301,-1,-1,-1,-1
156,10,36,783,337,291,-1,-1,-1,-1
157,10,59,789,342,286,-1,-1,-1,-1
158,10,86,786,327,295,-1,-1,-1,-1
159,10,103,788,334,294,-1,-1,-1,-1
160,10,121,790,337,294,-1,-1,-1,-1
161,10,142,792,336,292,-1,-1,-1,-1
162,10,162,794,335,292,-1,-1,-1,-1
163,10,183,794,334,294,-1,-1,-1,-1
164,10,202,796,335,293,-1,-1,-1,-1
153,11,104,156,501,922,-1,-1,-1,-1
154,11,131,157,503,922,-1,-1,-1,-1
155,11,149,157,509,924,-1,-1,-1,-1
156,11,173,159,506,922,-1,-1,-1,-1
157,11,216,143,478,937,-1,-1,-1,-1
158,11,228,148,499,925,-1,-1,-1,-1
159,11,250,147,499,926,-1,-1,-1,-1
160,11,279,139,467,940,-1,-1,-1,-1
161,11,293,137,495,942,-1,-1,-1,-1
162,11,319,140,488,934,-1,-1,-1,-1
163,11,340,139,490,933,-1,-1,-1,-1
164,11,363,137,488,935,-1,-1,-1,-1
165,11,387,135,485,937,-1,-1,-1,-1
166,11,407,135,489,936,-1,-1,-1,-1
167,11,430,134,488,935,-1,-1,-1,-1
161,12,10,383,90,172,-1,-1,-1,-1
162,12,18,379,86,175,-1,-1,-1,-1
163,12,23,381,92,176,-1,-1,-1,-1
164,12,26,384,97,166,-1,-1,-1,-1
165,12,31,383,99,168,-1,-1,-1,-1
166,12,37,380,98,171,-1,-1,-1,-1
167,12,44,389,95,154,-1,-1,-1,-1
168,12,50,380,101,172,-1,-1,-1,-1
169,12,57,373,99,189,-1,-1,-1,-1
170,12,67,376,91,189,-1,-1,-1,-1
171,12,74,383,92,172,-1,-1,-1,-1
172,12,83,382,92,176,-1,-1,-1,-1
173,12,86,378,99,185,-1,-1,-1,-1
174,12,90,381,100,179,-1,-1,-1,-1
175,12,95,376,99,188,-1,-1,-1,-1
176,12,101,388,104,162,-1,-1,-1,-1
177,12,108,377,102,185,-1,-1,-1,-1
178,12,117,379,100,180,-1,-1,-1,-1
179,12,127,380,82,166,-1,-1,-1,-1
180,12,128,373,94,177,-1,-1,-1,-1
181,12,135,375,99,174,-1,-1,-1,-1
182,12,140,364,103,201,-1,-1,-1,-1
183,12,155,375,80,173,-1,-1,-1,-1
184,12,155,373,96,173,-1,-1,-1,-1
185,12,155,369,112,189,-1,-1,-1,-1
186,12,165,368,106,195,-1,-1,-1,-1
187,12,175,375,107,175,-1,-1,-1,-1
188,12,189,377,104,166,-1,-1,-1,-1
189,12,201,367,100,185,-1,-1,-1,-1
190,12,206,367,107,183,-1,-1,-1,-1
191,12,217,368,105,181,-1,-1,-1,-1
192,12,228,364,97,188,-1,-1,-1,-1
193,12,240,372,82,160,-1,-1,-1,-1
194,12,241,366,91,165,-1,-1,-1,-1
195,12,250,363,88,167,-1,-1,-1,-1
196,12,258,360,84,177,-1,-1,-1,-1
197,12,263,357,87,187,-1,-1,-1,-1
198,12,272,360,89,184,-1,-1,-1,-1
199,12,280,357,88,197,-1,-1,-1,-1
200,12,292,370,90,161,-1,-1,-1,-1
201,12,302,360,92,182,-1,-1,-1,-1
202,12,311,362,91,175,-1,-1,-1,-1
203,12,322,359,90,180,-1,-1,-1,-1
204,12,330,358,102,183,-1,-1,-1,-1
205,12,346,358,95,183,-1,-1,-1,-1
206,12,362,356,84,186,-1,-1,-1,-1
207,12,373,361,79,168,-1,-1,-1,-1
208,12,378,353,90,180,-1,-1,-1,-1
209,12,389,352,90,180,-1,-1,-1,-1
210,12,401,351,107,202,-1,-1,-1,-1
211,12,419,355,94,195,-1,-1,-1,-1
212,12,432,356,93,193,-1,-1,-1,-1
213,12,447,349,91,217,-1,-1,-1,-1
214,12,462,355,85,200,-1,-1,-1,-1
215,12,473,341,85,240,-1,-1,-1,-1
216,12,484,345,80,239,-1,-1,-1,-1
217,12,493,351,73,233,-1,-1,-1,-1
218,12,498,358,83,226,-1,-1,-1,-1
219,12,508,359,81,228,-1,-1,-1,-1
220,12,519,359,80,233,-1,-1,-1,-1
221,12,528,363,79,232,-1,-1,-1,-1
222,12,538,366,79,230,-1,-1,-1,-1
223,12,547,369,81,230,-1,-1,-1,-1
224,12,557,372,80,230,-1,-1,-1,-1
225,12,567,373,80,231,-1,-1,-1,-1
162,13,223,816,324,262,-1,-1,-1,-1
163,13,254,828,320,247,-1,-1,-1,-1
164,13,280,822,328,265,-1,-1,-1,-1
165,13,310,826,325,263,-1,-1,-1,-1
166,13,340,830,325,260,-1,-1,-1,-1
167,13,371,833,324,260,-1,-1,-1,-1
168,13,401,836,324,259,-1,-1,-1,-1
166,14,452,85,486,949,-1,-1,-1,-1
167,14,461,68,499,1000,-1,-1,-1,-1
168,14,508,82,462,979,-1,-1,-1,-1
169,14,520,80,491,992,-1,-1,-1,-1
170,14,572,72,452,1007,-1,-1,-1,-1
174,14,673,80,474,994,-1,-1,-1,-1
175,14,702,80,471,994,-1,-1,-1,-1
176,14,729,81,474,991,-1,-1,-1,-1
168,15,464,873,268,205,-1,-1,-1,-1
169,15,486,855,293,235,-1,-1,-1,-1
170,15,523,860,291,234,-1,-1,-1,-1
171,15,560,866,288,231,-1,-1,-1,-1
172,15,597,872,286,228,-1,-1,-1,-1
173,15,633,876,285,227,-1,-1,-1,-1
174,15,667,879,289,231,-1,-1,-1,-1
175,15,704,884,288,230,-1,-1,-1,-1
176,15,740,888,287,229,-1,-1,-1,-1
173,16,697,876,236,202,-1,-1,-1,-1
174,16,738,882,239,198,-1,-1,-1,-1
175,16,782,882,238,197,-1,-1,-1,-1
176,16,828,883,234,197,-1,-1,-1,-1
177,16,870,883,236,197,-1,-1,-1,-1
178,16,913,884,237,198,-1,-1,-1,-1
179,16,956,884,237,197,-1,-1,-1,-1
180,16,1001,885,236,197,-1,-1,-1,-1
181,16,1044,885,236,197,-1,-1,-1,-1
175,17,779,62,525,1005,-1,-1,-1,-1
177,17,839,45,577,1013,-1,-1,-1,-1
178,17,888,14,562,1061,-1,-1,-1,-1
179,17,946,35,534,1009,-1,-1,-1,-1
180,17,987,26,528,1043,-1,-1,-1,-1
181,17,1017,36,545,1034,-1,-1,-1,-1
182,17,1083,35,484,1030,-1,-1,-1,-1
183,17,1120,17,457,1061,-1,-1,-1,-1
184,17,1182,48,388,990,-1,-1,-1,-1
185,17,1239,33,327,1002,-1,-1,-1,-1
186,17,1215,18,440,1023,-1,-1,-1,-1
187,17,1256,15,419,1021,-1,-1,-1,-1
188,17,1295,12,406,1019,-1,-1,-1,-1
189,17,1332,12,396,1011,-1,-1,-1,-1
190,17,1362,6,398,1015,-1,-1,-1,-1
177,18,10,386,74,186,-1,-1,-1,-1
178,18,10,384,88,188,-1,-1,-1,-1
179,18,16,384,91,188,-1,-1,-1,-1
180,18,29,383,82,190,-1,-1,-1,-1
181,18,35,387,84,181,-1,-1,-1,-1
182,18,41,384,94,187,-1,-1,-1,-1
183,18,53,383,88,191,-1,-1,-1,-1
184,18,62,382,89,197,-1,-1,-1,-1
185,18,67,384,98,197,-1,-1,-1,-1
186,18,77,384,93,197,-1,-1,-1,-1
187,18,86,385,97,198,-1,-1,-1,-1
188,18,97,379,94,211,-1,-1,-1,-1
189,18,103,380,98,211,-1,-1,-1,-1
190,18,115,384,93,203,-1,-1,-1,-1
191,18,119,378,106,218,-1,-1,-1,-1
192,18,130,377,102,217,-1,-1,-1,-1
193,18,140,378,100,209,-1,-1,-1,-1
194,18,150,380,95,209,-1,-1,-1,-1
195,18,155,378,107,213,-1,-1,-1,-1
196,18,170,380,97,208,-1,-1,-1,-1
197,18,180,377,95,213,-1,-1,-1,-1
198,18,188,373,101,222,-1,-1,-1,-1
199,18,199,374,97,215,-1,-1,-1,-1
200,18,208,373,102,212,-1,-1,-1,-1
201,18,220,364,100,224,-1,-1,-1,-1
202,18,231,366,98,214,-1,-1,-1,-1
203,18,239,360,104,222,-1,-1,-1,-1
204,18,255,359,93,221,-1,-1,-1,-1
205,18,264,358,100,225,-1,-1,-1,-1
206,18,278,360,96,221,-1,-1,-1,-1
207,18,295,357,82,222,-1,-1,-1,-1
208,18,300,361,98,221,-1,-1,-1,-1
209,18,312,360,99,226,-1,-1,-1,-1
210,18,322,359,104,229,-1,-1,-1,-1
211,18,335,360,102,233,-1,-1,-1,-1
212,18,344,362,100,230,-1,-1,-1,-1
213,18,344,366,124,218,-1,-1,-1,-1
214,18,369,361,111,227,-1,-1,-1,-1
215,18,387,356,104,236,-1,-1,-1,-1
216,18,408,363,80,211,-1,-1,-1,-1
217,18,411,362,95,217,-1,-1,-1,-1
218,18,429,354,103,238,-1,-1,-1,-1
219,18,440,356,114,234,-1,-1,-1,-1
220,18,459,352,99,241,-1,-1,-1,-1
221,18,474,351,91,243,-1,-1,-1,-1
222,18,494,355,68,231,-1,-1,-1,-1
223,18,502,350,66,241,-1,-1,-1,-1
224,18,501,352,88,238,-1,-1,-1,-1
225,18,514,350,83,239,-1,-1,-1,-1
226,18,526,351,79,238,-1,-1,-1,-1
227,18,538,351,77,237,-1,-1,-1,-1
228,18,547,349,79,239,-1,-1,-1,-1
229,18,556,350,81,238,-1,-1,-1,-1
230,18,568,350,80,238,-1,-1,-1,-1
231,18,578,349,79,238,-1,-1,-1,-1
232,18,589,349,79,238,-1,-1,-1,-1
187,19,480,391,84,192,-1,-1,-1,-1
188,19,472,391,89,198,-1,-1,-1,-1
189,19,468,393,89,197,-1,-1,-1,-1
190,19,465,391,83,201,-1,-1,-1,-1
191,19,465,392,71,196,-1,-1,-1,-1
192,19,459,388,73,198,-1,-1,-1,-1
193,19,452,383,78,201,-1,-1,-1,-1
194,19,443,376,82,210,-1,-1,-1,-1
195,19,440,381,73,199,-1,-1,-1,-1
196,19,435,383,69,198,-1,-1,-1,-1
197,19,421,387,85,193,-1,-1,-1,-1
198,19,412,388,95,197,-1,-1,-1,-1
199,19,410,394,92,183,-1,-1,-1,-1
200,19,406,392,89,181,-1,-1,-1,-1
201,19,403,387,86,190,-1,-1,-1,-1
202,19,396,387,89,189,-1,-1,-1,-1
203,19,391,387,90,188,-1,-1,-1,-1
204,19,386,387,90,186,-1,-1,-1,-1
205,19,381,386,89,187,-1,-1,-1,-1
206,19,376,385,89,188,-1,-1,-1,-1
207,19,371,385,89,188,-1,-1,-1,-1
208,19,366,384,89,187,-1,-1,-1,-1
209,19,360,384,89,187,-1,-1,-1,-1
215,19,321,388,64,190,-1,-1,-1,-1
216,19,313,388,72,194,-1,-1,-1,-1
217,19,305,389,82,195,-1,-1,-1,-1
218,19,300,390,77,197,-1,-1,-1,-1
219,19,295,390,77,198,-1,-1,-1,-1
220,19,293,391,72,193,-1,-1,-1,-1
221,19,287,391,72,195,-1,-1,-1,-1
222,19,280,398,78,184,-1,-1,-1,-1
223,19,269,397,87,188,-1,-1,-1,-1
224,19,257,398,101,187,-1,-1,-1,-1
225,19,248,399,110,187,-1,-1,-1,-1
226,19,243,401,112,185,-1,-1,-1,-1
227,19,243,398,103,191,-1,-1,-1,-1
228,19,237,392,101,200,-1,-1,-1,-1
229,19,241,393,76,196,-1,-1,-1,-1
230,19,236,390,70,198,-1,-1,-1,-1
231,19,232,391,66,191,-1,-1,-1,-1
232,19,227,391,68,191,-1,-1,-1,-1
233,19,220,388,73,193,-1,-1,-1,-1
234,19,213,388,78,194,-1,-1,-1,-1
235,19,208,387,76,197,-1,-1,-1,-1
236,19,203,389,77,193,-1,-1,-1,-1
237,19,197,392,82,187,-1,-1,-1,-1
238,19,193,395,83,185,-1,-1,-1,-1
239,19,187,399,87,184,-1,-1,-1,-1
240,19,184,399,83,186,-1,-1,-1,-1
241,19,182,396,75,191,-1,-1,-1,-1
242,19,178,393,72,191,-1,-1,-1,-1
243,19,174,391,69,191,-1,-1,-1,-1
244,19,169,391,71,189,-1,-1,-1,-1
245,19,165,392,74,186,-1,-1,-1,-1
246,19,156,390,81,190,-1,-1,-1,-1
247,19,151,390,82,187,-1,-1,-1,-1
248,19,144,389,83,191,-1,-1,-1,-1
249,19,136,396,96,184,-1,-1,-1,-1
250,19,132,393,95,190,-1,-1,-1,-1
251,19,129,396,96,185,-1,-1,-1,-1
252,19,123,399,101,183,-1,-1,-1,-1
253,19,122,398,93,188,-1,-1,-1,-1
254,19,122,398,81,185,-1,-1,-1,-1
255,19,118,400,76,181,-1,-1,-1,-1
256,19,115,395,71,189,-1,-1,-1,-1
257,19,110,397,71,183,-1,-1,-1,-1
258,19,102,396,78,184,-1,-1,-1,-1
259,19,97,393,78,187,-1,-1,-1,-1
260,19,93,396,75,182,-1,-1,-1,-1
261,19,89,397,75,181,-1,-1,-1,-1
262,19,83,404,81,169,-1,-1,-1,-1
263,19,80,405,81,169,-1,-1,-1,-1
264,19,79,406,80,170,-1,-1,-1,-1
265,19,74,403,82,175,-1,-1,-1,-1
266,19,69,403,83,177,-1,-1,-1,-1
267,19,68,403,78,177,-1,-1,-1,-1
268,19,63,405,78,173,-1,-1,-1,-1
269,19,61,407,74,168,-1,-1,-1,-1
270,19,60,410,67,162,-1,-1,-1,-1
271,19,56,406,70,168,-1,-1,-1,-1
272,19,51,408,73,164,-1,-1,-1,-1
273,19,43,405,80,171,-1,-1,-1,-1
274,19,36,404,83,174,-1,-1,-1,-1
275,19,30,407,87,170,-1,-1,-1,-1
276,19,24,407,91,172,-1,-1,-1,-1
277,19,20,415,94,160,-1,-1,-1,-1
278,19,21,413,88,163,-1,-1,-1,-1
279,19,20,413,83,164,-1,-1,-1,-1
280,19,17,409,79,168,-1,-1,-1,-1
281,19,12,404,81,174,-1,-1,-1,-1
282,19,7,401,81,177,-1,-1,-1,-1
283,19,6,398,75,182,-1,-1,-1,-1
284,19,6,397,70,182,-1,-1,-1,-1
285,19,2,401,70,175,-1,-1,-1,-1
286,19,1,404,67,169,-1,-1,-1,-1
287,19,0,407,66,165,-1,-1,-1,-1
288,19,0,408,64,167,-1,-1,-1,-1
289,19,-1,411,65,166,-1,-1,-1,-1
290,19,-1,411,64,167,-1,-1,-1,-1
291,19,0,414,60,162,-1,-1,-1,-1
292,19,0,415,56,160,-1,-1,-1,-1
293,19,0,413,53,163,-1,-1,-1,-1
294,19,-1,413,53,163,-1,-1,-1,-1
295,19,2,416,42,154,-1,-1,-1,-1
296,19,1,413,37,158,-1,-1,-1,-1
297,19,-5,411,48,160,-1,-1,-1,-1
298,19,-7,411,47,160,-1,-1,-1,-1
299,19,-8,410,46,159,-1,-1,-1,-1
300,19,-9,410,44,158,-1,-1,-1,-1
301,19,-11,409,44,159,-1,-1,-1,-1
302,19,-14,408,46,159,-1,-1,-1,-1
303,19,-16,408,45,159,-1,-1,-1,-1
304,19,-18,407,45,159,-1,-1,-1,-1
305,19,-20,406,45,159,-1,-1,-1,-1
200,20,487,365,76,213,-1,-1,-1,-1
201,20,477,373,86,206,-1,-1,-1,-1
202,20,471,377,89,200,-1,-1,-1,-1
203,20,470,384,81,186,-1,-1,-1,-1
204,20,467,386,84,182,-1,-1,-1,-1
205,20,460,383,84,184,-1,-1,-1,-1
206,20,452,391,79,154,-1,-1,-1,-1
207,20,444,375,84,181,-1,-1,-1,-1
208,20,439,375,82,178,-1,-1,-1,-1
209,20,404,362,114,196,-1,-1,-1,-1
210,20,407,367,89,179,-1,-1,-1,-1
211,20,398,365,90,178,-1,-1,-1,-1
212,20,388,361,92,182,-1,-1,-1,-1
213,20,378,357,93,183,-1,-1,-1,-1
214,20,369,355,95,184,-1,-1,-1,-1
223,20,358,382,75,199,-1,-1,-1,-1
224,20,355,383,77,198,-1,-1,-1,-1
225,20,348,385,80,194,-1,-1,-1,-1
226,20,344,383,78,198,-1,-1,-1,-1
227,20,337,382,79,200,-1,-1,-1,-1
228,20,327,383,90,199,-1,-1,-1,-1
229,20,317,387,98,196,-1,-1,-1,-1
230,20,306,388,108,195,-1,-1,-1,-1
231,20,300,391,111,190,-1,-1,-1,-1
232,20,302,391,102,192,-1,-1,-1,-1
233,20,292,395,113,184,-1,-1,-1,-1
234,20,295,393,96,187,-1,-1,-1,-1
235,20,290,390,94,189,-1,-1,-1,-1
236,20,285,389,94,190,-1,-1,-1,-1
237,20,284,389,86,188,-1,-1,-1,-1
238,20,281,384,77,194,-1,-1,-1,-1
239,20,274,385,80,189,-1,-1,-1,-1
240,20,266,384,81,189,-1,-1,-1,-1
241,20,261,383,80,192,-1,-1,-1,-1
242,20,257,384,78,189,-1,-1,-1,-1
243,20,254,386,76,186,-1,-1,-1,-1
244,20,244,386,87,192,-1,-1,-1,-1
245,20,241,388,85,190,-1,-1,-1,-1
246,20,235,391,90,185,-1,-1,-1,-1
247,20,233,394,86,182,-1,-1,-1,-1
248,20,229,391,84,185,-1,-1,-1,-1
249,20,229,392,73,183,-1,-1,-1,-1
250,20,227,392,67,181,-1,-1,-1,-1
251,20,219,389,72,183,-1,-1,-1,-1
252,20,216,387,69,180,-1,-1,-1,-1
253,20,207,386,77,180,-1,-1,-1,-1
254,20,203,385,75,183,-1,-1,-1,-1
255,20,199,383,78,189,-1,-1,-1,-1
256,20,197,386,77,189,-1,-1,-1,-1
257,20,186,388,90,187,-1,-1,-1,-1
258,20,180,389,93,187,-1,-1,-1,-1
259,20,176,392,93,183,-1,-1,-1,-1
260,20,171,393,95,183,-1,-1,-1,-1
261,20,169,394,93,184,-1,-1,-1,-1
262,20,165,395,94,180,-1,-1,-1,-1
263,20,165,395,87,177,-1,-1,-1,-1
264,20,159,395,86,176,-1,-1,-1,-1
265,20,153,392,86,179,-1,-1,-1,-1
266,20,149,389,81,183,-1,-1,-1,-1
267,20,147,389,74,181,-1,-1,-1,-1
268,20,139,390,80,181,-1,-1,-1,-1
269,20,137,389,75,184,-1,-1,-1,-1
270,20,134,391,76,181,-1,-1,-1,-1
271,20,130,392,77,181,-1,-1,-1,-1
272,20,123,397,85,174,-1,-1,-1,-1
273,20,122,396,80,176,-1,-1,-1,-1
274,20,120,395,78,177,-1,-1,-1,-1
275,20,117,393,77,179,-1,-1,-1,-1
276,20,117,394,74,177,-1,-1,-1,-1
277,20,113,400,73,167,-1,-1,-1,-1
278,20,113,399,68,169,-1,-1,-1,-1
279,20,109,399,68,166,-1,-1,-1,-1
280,20,101,395,76,174,-1,-1,-1,-1
281,20,98,396,76,174,-1,-1,-1,-1
282,20,94,397,77,175,-1,-1,-1,-1
283,20,93,398,75,173,-1,-1,-1,-1
284,20,87,399,82,174,-1,-1,-1,-1
285,20,85,402,84,170,-1,-1,-1,-1
286,20,83,403,84,170,-1,-1,-1,-1
287,20,80,407,85,164,-1,-1,-1,-1
288,20,77,405,84,168,-1,-1,-1,-1
289,20,70,408,90,162,-1,-1,-1,-1
290,20,73,405,75,163,-1,-1,-1,-1
291,20,71,403,75,166,-1,-1,-1,-1
292,20,70,401,74,165,-1,-1,-1,-1
293,20,67,400,73,168,-1,-1,-1,-1
294,20,65,399,72,168,-1,-1,-1,-1
295,20,61,403,76,164,-1,-1,-1,-1
296,20,57,403,77,166,-1,-1,-1,-1
297,20,51,407,83,160,-1,-1,-1,-1
298,20,49,409,81,157,-1,-1,-1,-1
299,20,46,409,83,158,-1,-1,-1,-1
300,20,43,409,81,156,-1,-1,-1,-1
301,20,41,405,79,161,-1,-1,-1,-1
302,20,39,410,77,153,-1,-1,-1,-1
303,20,36,407,77,159,-1,-1,-1,-1
304,20,32,410,80,155,-1,-1,-1,-1
305,20,31,403,72,163,-1,-1,-1,-1
306,20,27,400,72,165,-1,-1,-1,-1
307,20,23,398,73,168,-1,-1,-1,-1
308,20,19,401,76,164,-1,-1,-1,-1
309,20,15,399,78,168,-1,-1,-1,-1
310,20,7,400,88,166,-1,-1,-1,-1
311,20,7,402,84,161,-1,-1,-1,-1
312,20,4,406,86,157,-1,-1,-1,-1
313,20,2,413,85,149,-1,-1,-1,-1
314,20,2,415,79,149,-1,-1,-1,-1
315,20,0,414,79,153,-1,-1,-1,-1
316,20,2,414,71,154,-1,-1,-1,-1
317,20,3,412,63,156,-1,-1,-1,-1
318,20,4,409,58,159,-1,-1,-1,-1
319,20,1,408,58,160,-1,-1,-1,-1
320,20,0,409,59,157,-1,-1,-1,-1
321,20,0,413,56,151,-1,-1,-1,-1
322,20,-1,415,55,149,-1,-1,-1,-1
323,20,-2,419,55,143,-1,-1,-1,-1
324,20,-1,415,51,148,-1,-1,-1,-1
325,20,1,424,45,132,-1,-1,-1,-1
326,20,-1,422,49,135,-1,-1,-1,-1
327,20,0,424,43,131,-1,-1,-1,-1
328,20,0,422,40,132,-1,-1,-1,-1
329,20,-3,420,45,136,-1,-1,-1,-1
330,20,-3,421,44,133,-1,-1,-1,-1
331,20,-4,420,44,133,-1,-1,-1,-1
332,20,-6,420,43,133,-1,-1,-1,-1
333,20,-7,420,43,134,-1,-1,-1,-1
334,20,-8,419,44,134,-1,-1,-1,-1
335,20,-9,419,44,133,-1,-1,-1,-1
336,20,-10,419,44,133,-1,-1,-1,-1
337,20,-12,418,44,133,-1,-1,-1,-1
246,21,884,331,126,253,-1,-1,-1,-1
247,21,884,336,138,241,-1,-1,-1,-1
248,21,894,332,138,250,-1,-1,-1,-1
249,21,906,327,138,257,-1,-1,-1,-1
250,21,921,329,131,254,-1,-1,-1,-1
251,21,936,327,124,258,-1,-1,-1,-1
252,21,948,329,122,251,-1,-1,-1,-1
253,21,964,330,100,251,-1,-1,-1,-1
254,21,973,328,92,259,-1,-1,-1,-1
255,21,985,330,81,256,-1,-1,-1,-1
256,21,982,330,104,255,-1,-1,-1,-1
257,21,992,332,100,254,-1,-1,-1,-1
262,22,1468,351,90,234,-1,-1,-1,-1
263,22,1466,352,90,233,-1,-1,-1,-1
264,22,1460,348,97,244,-1,-1,-1,-1
265,22,1457,352,100,235,-1,-1,-1,-1
266,22,1455,352,94,236,-1,-1,-1,-1
267,22,1451,354,90,229,-1,-1,-1,-1
268,22,1443,354,90,230,-1,-1,-1,-1
269,22,1439,354,86,227,-1,-1,-1,-1
270,22,1438,366,71,175,-1,-1,-1,-1
271,22,1420,362,82,162,-1,-1,-1,-1
272,22,1411,335,84,205,-1,-1,-1,-1
273,22,1403,331,83,200,-1,-1,-1,-1
274,22,1397,328,81,194,-1,-1,-1,-1
275,22,1390,325,80,187,-1,-1,-1,-1
276,22,1381,318,82,189,-1,-1,-1,-1
277,22,1373,309,82,195,-1,-1,-1,-1
278,22,1365,304,82,193,-1,-1,-1,-1
279,22,1357,299,81,191,-1,-1,-1,-1
282,22,1327,352,83,203,-1,-1,-1,-1
283,22,1312,349,93,227,-1,-1,-1,-1
284,22,1296,356,110,228,-1,-1,-1,-1
285,22,1274,360,135,236,-1,-1,-1,-1
286,22,1266,365,136,232,-1,-1,-1,-1
287,22,1260,367,138,231,-1,-1,-1,-1
288,22,1257,371,136,223,-1,-1,-1,-1
289,22,1257,366,125,232,-1,-1,-1,-1
290,22,1255,361,116,238,-1,-1,-1,-1
291,22,1255,361,99,232,-1,-1,-1,-1
292,22,1253,360,87,231,-1,-1,-1,-1
293,22,1247,358,84,233,-1,-1,-1,-1
294,22,1237,354,86,237,-1,-1,-1,-1
295,22,1227,351,90,240,-1,-1,-1,-1
296,22,1215,357,100,230,-1,-1,-1,-1
297,22,1191,353,127,237,-1,-1,-1,-1
298,22,1174,357,139,231,-1,-1,-1,-1
299,22,1165,376,144,202,-1,-1,-1,-1
300,22,1159,366,145,223,-1,-1,-1,-1
301,22,1156,372,144,218,-1,-1,-1,-1
302,22,1154,367,139,225,-1,-1,-1,-1
303,22,1161,375,115,213,-1,-1,-1,-1
304,22,1162,374,98,217,-1,-1,-1,-1
305,22,1157,374,88,216,-1,-1,-1,-1
306,22,1151,364,82,230,-1,-1,-1,-1
307,22,1144,361,79,230,-1,-1,-1,-1
308,22,1135,359,81,232,-1,-1,-1,-1
309,22,1127,359,81,230,-1,-1,-1,-1
310,22,1117,362,92,224,-1,-1,-1,-1
311,22,1112,365,94,221,-1,-1,-1,-1
312,22,1107,370,99,216,-1,-1,-1,-1
313,22,1106,372,96,212,-1,-1,-1,-1
314,22,1103,372,98,211,-1,-1,-1,-1
315,22,1099,372,95,212,-1,-1,-1,-1
316,22,1095,371,96,214,-1,-1,-1,-1
317,22,1090,371,97,213,-1,-1,-1,-1
318,22,1087,372,96,212,-1,-1,-1,-1
319,22,1082,371,96,213,-1,-1,-1,-1
262,23,1117,313,147,261,-1,-1,-1,-1
263,23,1133,317,137,264,-1,-1,-1,-1
264,23,1136,318,151,266,-1,-1,-1,-1
265,23,1153,317,145,271,-1,-1,-1,-1
266,23,1165,315,153,275,-1,-1,-1,-1
267,23,1190,316,142,274,-1,-1,-1,-1
268,23,1208,319,136,270,-1,-1,-1,-1
269,23,1228,317,139,271,-1,-1,-1,-1
270,23,1241,316,144,276,-1,-1,-1,-1
271,23,1262,316,97,276,-1,-1,-1,-1
272,23,1259,313,142,283,-1,-1,-1,-1
273,23,1275,314,143,282,-1,-1,-1,-1
274,23,1295,317,133,277,-1,-1,-1,-1
275,23,1311,310,150,280,-1,-1,-1,-1
276,23,1323,309,159,273,-1,-1,-1,-1
277,23,1342,310,161,270,-1,-1,-1,-1
278,23,1365,303,169,273,-1,-1,-1,-1
279,23,1379,301,164,281,-1,-1,-1,-1
280,23,1394,305,158,270,-1,-1,-1,-1
281,23,1422,301,131,280,-1,-1,-1,-1
282,23,1426,298,140,286,-1,-1,-1,-1
283,23,1439,302,127,281,-1,-1,-1,-1
284,23,1454,299,112,296,-1,-1,-1,-1
285,23,1465,310,100,275,-1,-1,-1,-1
286,23,1485,334,75,203,-1,-1,-1,-1
287,23,1497,320,64,214,-1,-1,-1,-1
288,23,1489,296,96,254,-1,-1,-1,-1
289,23,1500,295,89,248,-1,-1,-1,-1
290,23,1510,295,85,239,-1,-1,-1,-1
291,23,1520,294,82,232,-1,-1,-1,-1
330,24,969,374,77,212,-1,-1,-1,-1
331,24,959,367,89,221,-1,-1,-1,-1
332,24,957,367,82,222,-1,-1,-1,-1
333,24,953,365,76,221,-1,-1,-1,-1
334,24,944,363,79,226,-1,-1,-1,-1
335,24,932,368,91,218,-1,-1,-1,-1
336,24,915,374,109,210,-1,-1,-1,-1
337,24,902,377,119,205,-1,-1,-1,-1
338,24,894,375,123,211,-1,-1,-1,-1
339,24,888,375,123,211,-1,-1,-1,-1
340,24,885,380,119,207,-1,-1,-1,-1
341,24,880,377,118,213,-1,-1,-1,-1
342,24,882,375,97,213,-1,-1,-1,-1
343,24,880,373,86,212,-1,-1,-1,-1
344,24,877,371,76,216,-1,-1,-1,-1
345,24,869,367,77,219,-1,-1,-1,-1
346,24,865,368,73,218,-1,-1,-1,-1
347,24,864,368,68,218,-1,-1,-1,-1
348,24,864,394,63,179,-1,-1,-1,-1
405,25,493,402,66,187,-1,-1,-1,-1
406,25,488,411,72,173,-1,-1,-1,-1
407,25,486,404,69,185,-1,-1,-1,-1
408,25,481,396,72,196,-1,-1,-1,-1
409,25,477,391,74,200,-1,-1,-1,-1
410,25,473,388,72,201,-1,-1,-1,-1
411,25,466,386,76,206,-1,-1,-1,-1
412,25,451,397,96,185,-1,-1,-1,-1
413,25,443,406,103,176,-1,-1,-1,-1
414,25,435,404,110,181,-1,-1,-1,-1
415,25,434,398,101,192,-1,-1,-1,-1
416,25,430,397,98,193,-1,-1,-1,-1
417,25,423,399,99,190,-1,-1,-1,-1
418,25,423,402,86,186,-1,-1,-1,-1
419,25,419,397,80,191,-1,-1,-1,-1
420,25,415,390,76,202,-1,-1,-1,-1
421,25,409,389,73,202,-1,-1,-1,-1
422,25,404,389,72,201,-1,-1,-1,-1
423,25,398,391,74,198,-1,-1,-1,-1
424,25,392,392,78,198,-1,-1,-1,-1
425,25,385,396,84,191,-1,-1,-1,-1
426,25,378,390,91,202,-1,-1,-1,-1
427,25,373,394,94,196,-1,-1,-1,-1
428,25,368,402,98,185,-1,-1,-1,-1
429,25,365,403,96,185,-1,-1,-1,-1
430,25,362,396,93,195,-1,-1,-1,-1
431,25,363,393,83,197,-1,-1,-1,-1
432,25,358,390,83,198,-1,-1,-1,-1
433,25,355,397,78,184,-1,-1,-1,-1
434,25,352,396,73,186,-1,-1,-1,-1
435,25,351,391,65,195,-1,-1,-1,-1
436,25,345,387,67,201,-1,-1,-1,-1
437,25,342,392,67,194,-1,-1,-1,-1
438,25,331,395,79,190,-1,-1,-1,-1
439,25,323,394,85,191,-1,-1,-1,-1
440,25,315,396,94,189,-1,-1,-1,-1
441,25,308,399,101,186,-1,-1,-1,-1
442,25,304,400,101,185,-1,-1,-1,-1
443,25,303,404,100,182,-1,-1,-1,-1
444,25,301,403,93,185,-1,-1,-1,-1
445,25,305,408,76,178,-1,-1,-1,-1
446,25,300,406,75,181,-1,-1,-1,-1
447,25,296,407,72,181,-1,-1,-1,-1
448,25,292,408,67,179,-1,-1,-1,-1
449,25,285,413,72,171,-1,-1,-1,-1
450,25,280,408,74,180,-1,-1,-1,-1
451,25,272,407,82,181,-1,-1,-1,-1
452,25,264,409,91,178,-1,-1,-1,-1
453,25,263,411,89,173,-1,-1,-1,-1
454,25,259,411,92,174,-1,-1,-1,-1
455,25,257,409,88,176,-1,-1,-1,-1
456,25,256,411,84,173,-1,-1,-1,-1
457,25,253,408,82,176,-1,-1,-1,-1
458,25,249,405,79,180,-1,-1,-1,-1
459,25,248,403,74,181,-1,-1,-1,-1
460,25,243,404,76,177,-1,-1,-1,-1
461,25,241,401,72,182,-1,-1,-1,-1
462,25,239,401,68,180,-1,-1,-1,-1
463,25,234,401,70,182,-1,-1,-1,-1
464,25,228,403,75,178,-1,-1,-1,-1
465,25,219,404,88,178,-1,-1,-1,-1
466,25,217,405,86,178,-1,-1,-1,-1
467,25,212,409,87,174,-1,-1,-1,-1
468,25,214,403,77,183,-1,-1,-1,-1
469,25,210,407,79,178,-1,-1,-1,-1
470,25,206,405,77,179,-1,-1,-1,-1
471,25,207,410,68,172,-1,-1,-1,-1
472,25,206,411,62,170,-1,-1,-1,-1
473,25,201,407,64,175,-1,-1,-1,-1
474,25,195,408,67,170,-1,-1,-1,-1
475,25,189,406,73,172,-1,-1,-1,-1
476,25,183,406,80,171,-1,-1,-1,-1
477,25,182,407,76,173,-1,-1,-1,-1
478,25,179,413,75,162,-1,-1,-1,-1
479,25,176,410,74,169,-1,-1,-1,-1
480,25,173,411,76,170,-1,-1,-1,-1
481,25,170,411,77,170,-1,-1,-1,-1
482,25,169,409,75,172,-1,-1,-1,-1
483,25,166,406,76,175,-1,-1,-1,-1
484,25,165,406,72,173,-1,-1,-1,-1
485,25,161,405,74,174,-1,-1,-1,-1
486,25,158,405,71,172,-1,-1,-1,-1
487,25,157,405,68,174,-1,-1,-1,-1
488,25,152,404,72,176,-1,-1,-1,-1
489,25,149,406,70,175,-1,-1,-1,-1
490,25,141,410,82,168,-1,-1,-1,-1
491,25,136,411,86,166,-1,-1,-1,-1
492,25,135,414,81,161,-1,-1,-1,-1
493,25,133,413,77,166,-1,-1,-1,-1
494,25,133,414,72,165,-1,-1,-1,-1
495,25,128,414,73,164,-1,-1,-1,-1
496,25,125,410,72,170,-1,-1,-1,-1
497,25,123,414,65,164,-1,-1,-1,-1
498,25,119,413,66,165,-1,-1,-1,-1
499,25,117,413,63,164,-1,-1,-1,-1
500,25,114,412,63,164,-1,-1,-1,-1
501,25,110,412,66,164,-1,-1,-1,-1
502,25,104,412,71,164,-1,-1,-1,-1
503,25,102,415,71,161,-1,-1,-1,-1
504,25,100,414,73,164,-1,-1,-1,-1
505,25,95,417,80,160,-1,-1,-1,-1
506,25,95,416,76,162,-1,-1,-1,-1
507,25,92,415,76,163,-1,-1,-1,-1
508,25,91,414,72,165,-1,-1,-1,-1
509,25,88,413,72,166,-1,-1,-1,-1
510,25,86,412,70,165,-1,-1,-1,-1
511,25,85,412,65,163,-1,-1,-1,-1
512,25,84,410,61,166,-1,-1,-1,-1
513,25,80,411,64,164,-1,-1,-1,-1
514,25,76,410,66,164,-1,-1,-1,-1
515,25,71,412,70,159,-1,-1,-1,-1
516,25,66,413,74,159,-1,-1,-1,-1
517,25,60,414,79,160,-1,-1,-1,-1
518,25,56,418,81,155,-1,-1,-1,-1
519,25,54,419,82,156,-1,-1,-1,-1
520,25,52,418,82,157,-1,-1,-1,-1
521,25,57,416,68,161,-1,-1,-1,-1
522,25,52,412,69,167,-1,-1,-1,-1
523,25,48,414,69,162,-1,-1,-1,-1
524,25,40,412,76,163,-1,-1,-1,-1
525,25,35,412,77,163,-1,-1,-1,-1
526,25,31,411,78,163,-1,-1,-1,-1
527,25,29,410,75,165,-1,-1,-1,-1
528,25,28,414,73,157,-1,-1,-1,-1
529,25,25,416,75,155,-1,-1,-1,-1
530,25,23,415,76,159,-1,-1,-1,-1
531,25,23,416,74,157,-1,-1,-1,-1
532,25,24,417,70,157,-1,-1,-1,-1
533,25,22,419,70,153,-1,-1,-1,-1
534,25,20,418,70,153,-1,-1,-1,-1
535,25,19,415,67,159,-1,-1,-1,-1
536,25,13,412,71,163,-1,-1,-1,-1
537,25,13,410,66,166,-1,-1,-1,-1
538,25,10,410,63,164,-1,-1,-1,-1
539,25,9,411,60,162,-1,-1,-1,-1
540,25,7,414,59,156,-1,-1,-1,-1
541,25,5,411,62,162,-1,-1,-1,-1
542,25,5,415,60,155,-1,-1,-1,-1
543,25,3,417,59,156,-1,-1,-1,-1
544,25,3,419,58,154,-1,-1,-1,-1
545,25,4,419,53,155,-1,-1,-1,-1
546,25,3,419,52,155,-1,-1,-1,-1
547,25,1,422,51,151,-1,-1,-1,-1
548,25,0,422,48,152,-1,-1,-1,-1
549,25,0,422,44,151,-1,-1,-1,-1
550,25,0,426,43,143,-1,-1,-1,-1
551,25,0,424,42,148,-1,-1,-1,-1
552,25,-1,426,44,145,-1,-1,-1,-1
553,25,-2,432,45,135,-1,-1,-1,-1
554,25,-2,429,44,144,-1,-1,-1,-1
555,25,-2,429,44,143,-1,-1,-1,-1
556,25,0,439,39,128,-1,-1,-1,-1
557,25,-1,436,41,132,-1,-1,-1,-1
558,25,2,439,30,125,-1,-1,-1,-1
559,25,-3,435,39,134,-1,-1,-1,-1
560,25,-4,437,39,132,-1,-1,-1,-1
561,25,-3,438,38,130,-1,-1,-1,-1
562,25,-4,437,37,131,-1,-1,-1,-1
563,25,-4,438,36,130,-1,-1,-1,-1
564,25,-6,438,38,132,-1,-1,-1,-1
565,25,-7,438,37,131,-1,-1,-1,-1
566,25,-7,438,37,131,-1,-1,-1,-1
638,26,0,391,49,185,-1,-1,-1,-1
639,26,1,389,48,190,-1,-1,-1,-1
640,26,1,385,47,195,-1,-1,-1,-1
641,26,1,385,47,193,-1,-1,-1,-1
642,26,0,383,52,201,-1,-1,-1,-1
643,26,0,384,54,201,-1,-1,-1,-1
644,26,0,386,57,197,-1,-1,-1,-1
645,26,-1,384,65,201,-1,-1,-1,-1
646,26,-3,384,75,200,-1,-1,-1,-1
647,26,0,386,75,196,-1,-1,-1,-1
648,26,0,383,78,199,-1,-1,-1,-1
649,26,0,383,80,200,-1,-1,-1,-1
650,26,0,382,83,201,-1,-1,-1,-1
651,26,1,379,84,206,-1,-1,-1,-1
652,26,3,381,82,204,-1,-1,-1,-1
653,26,1,378,89,207,-1,-1,-1,-1
654,26,2,373,92,217,-1,-1,-1,-1
655,26,3,372,93,218,-1,-1,-1,-1
656,26,5,372,96,217,-1,-1,-1,-1
657,26,5,371,97,217,-1,-1,-1,-1
658,26,8,372,95,217,-1,-1,-1,-1
659,26,9,370,95,221,-1,-1,-1,-1
660,26,12,373,92,219,-1,-1,-1,-1
661,26,12,373,92,220,-1,-1,-1,-1
662,26,14,374,91,220,-1,-1,-1,-1
663,26,16,374,89,220,-1,-1,-1,-1
664,26,19,374,85,221,-1,-1,-1,-1
665,26,20,373,86,221,-1,-1,-1,-1
666,26,21,372,84,221,-1,-1,-1,-1
667,26,23,374,82,218,-1,-1,-1,-1
668,26,23,368,81,227,-1,-1,-1,-1
669,26,23,367,83,229,-1,-1,-1,-1
670,26,25,369,84,226,-1,-1,-1,-1
671,26,25,368,87,227,-1,-1,-1,-1
672,26,28,370,90,224,-1,-1,-1,-1
673,26,33,372,87,221,-1,-1,-1,-1
674,26,41,370,82,227,-1,-1,-1,-1
675,26,43,373,83,224,-1,-1,-1,-1
676,26,47,372,84,223,-1,-1,-1,-1
677,26,53,371,79,225,-1,-1,-1,-1
678,26,52,373,89,220,-1,-1,-1,-1
679,26,55,372,91,219,-1,-1,-1,-1
680,26,56,374,97,215,-1,-1,-1,-1
681,26,63,375,91,216,-1,-1,-1,-1
682,26,63,370,97,226,-1,-1,-1,-1
683,26,65,371,97,226,-1,-1,-1,-1
684,26,68,371,97,226,-1,-1,-1,-1
685,26,66,367,101,234,-1,-1,-1,-1
686,26,70,369,98,229,-1,-1,-1,-1
687,26,76,369,92,230,-1,-1,-1,-1
688,26,83,369,84,229,-1,-1,-1,-1
689,26,84,367,83,234,-1,-1,-1,-1
690,26,84,367,85,232,-1,-1,-1,-1
691,26,83,366,91,233,-1,-1,-1,-1
692,26,86,367,90,231,-1,-1,-1,-1
693,26,89,370,87,227,-1,-1,-1,-1
694,26,95,369,83,230,-1,-1,-1,-1
695,26,97,369,86,227,-1,-1,-1,-1
696,26,102,369,82,225,-1,-1,-1,-1
697,26,105,366,82,229,-1,-1,-1,-1
698,26,106,364,84,230,-1,-1,-1,-1
699,26,109,365,84,227,-1,-1,-1,-1
700,26,111,364,84,230,-1,-1,-1,-1
701,26,111,364,85,232,-1,-1,-1,-1
702,26,113,362,85,237,-1,-1,-1,-1
703,26,115,370,86,223,-1,-1,-1,-1
704,26,116,364,87,231,-1,-1,-1,-1
705,26,121,363,83,231,-1,-1,-1,-1
706,26,124,366,86,228,-1,-1,-1,-1
707,26,129,367,82,225,-1,-1,-1,-1
708,26,129,365,87,229,-1,-1,-1,-1
709,26,134,366,86,227,-1,-1,-1,-1
710,26,140,367,80,229,-1,-1,-1,-1
711,26,140,365,84,232,-1,-1,-1,-1
712,26,140,363,87,235,-1,-1,-1,-1
713,26,143,368,85,228,-1,-1,-1,-1
714,26,144,364,89,236,-1,-1,-1,-1
715,26,145,368,96,228,-1,-1,-1,-1
716,26,145,365,102,231,-1,-1,-1,-1
717,26,145,363,109,233,-1,-1,-1,-1
718,26,149,361,107,235,-1,-1,-1,-1
719,26,153,361,107,235,-1,-1,-1,-1
720,26,158,363,103,233,-1,-1,-1,-1
721,26,165,366,97,229,-1,-1,-1,-1
722,26,169,363,94,236,-1,-1,-1,-1
723,26,173,364,91,234,-1,-1,-1,-1
724,26,176,362,92,237,-1,-1,-1,-1
725,26,178,363,91,237,-1,-1,-1,-1
726,26,182,364,89,235,-1,-1,-1,-1
727,26,186,362,85,237,-1,-1,-1,-1
728,26,191,363,82,236,-1,-1,-1,-1
729,26,195,361,78,240,-1,-1,-1,-1
730,26,196,363,82,238,-1,-1,-1,-1
731,26,197,364,83,236,-1,-1,-1,-1
732,26,198,363,83,240,-1,-1,-1,-1
733,26,200,363,83,239,-1,-1,-1,-1
734,26,200,361,83,241,-1,-1,-1,-1
735,26,200,361,86,240,-1,-1,-1,-1
736,26,199,360,89,242,-1,-1,-1,-1
737,26,200,361,92,241,-1,-1,-1,-1
738,26,200,363,99,241,-1,-1,-1,-1
739,26,203,362,100,246,-1,-1,-1,-1
740,26,214,363,88,245,-1,-1,-1,-1
741,26,219,364,86,244,-1,-1,-1,-1
742,26,224,364,82,244,-1,-1,-1,-1
743,26,226,363,81,246,-1,-1,-1,-1
744,26,229,362,79,247,-1,-1,-1,-1
745,26,229,364,79,243,-1,-1,-1,-1
746,26,230,362,79,245,-1,-1,-1,-1
747,26,231,363,79,242,-1,-1,-1,-1
748,26,232,362,81,241,-1,-1,-1,-1
749,26,236,359,81,243,-1,-1,-1,-1
750,26,238,356,84,248,-1,-1,-1,-1
751,26,240,355,85,250,-1,-1,-1,-1
752,26,246,365,86,230,-1,-1,-1,-1
753,26,247,363,107,236,-1,-1,-1,-1
754,26,254,358,103,249,-1,-1,-1,-1
755,26,257,359,100,250,-1,-1,-1,-1
756,26,259,358,95,250,-1,-1,-1,-1
757,26,265,357,87,250,-1,-1,-1,-1
758,26,267,356,85,249,-1,-1,-1,-1
759,26,270,356,86,249,-1,-1,-1,-1
760,26,275,356,86,250,-1,-1,-1,-1
761,26,279,356,84,251,-1,-1,-1,-1
762,26,281,356,87,251,-1,-1,-1,-1
763,26,281,354,91,258,-1,-1,-1,-1
764,26,281,354,99,255,-1,-1,-1,-1
765,26,282,355,103,253,-1,-1,-1,-1
766,26,285,355,104,252,-1,-1,-1,-1
767,26,286,355,107,249,-1,-1,-1,-1
768,26,291,352,100,254,-1,-1,-1,-1
769,26,287,352,116,255,-1,-1,-1,-1
770,26,290,355,114,252,-1,-1,-1,-1
771,26,297,357,104,251,-1,-1,-1,-1
772,26,297,358,113,250,-1,-1,-1,-1
773,26,304,353,104,257,-1,-1,-1,-1
774,26,307,354,104,253,-1,-1,-1,-1
775,26,303,352,121,255,-1,-1,-1,-1
776,26,309,353,114,256,-1,-1,-1,-1
777,26,312,351,109,261,-1,-1,-1,-1
778,26,314,350,104,264,-1,-1,-1,-1
779,26,318,350,96,266,-1,-1,-1,-1
780,26,332,352,74,262,-1,-1,-1,-1
781,26,336,347,70,268,-1,-1,-1,-1
782,26,338,348,71,267,-1,-1,-1,-1
783,26,336,347,78,267,-1,-1,-1,-1
784,26,340,353,78,253,-1,-1,-1,-1
785,26,341,350,82,259,-1,-1,-1,-1
786,26,336,350,97,262,-1,-1,-1,-1
787,26,315,345,129,272,-1,-1,-1,-1
788,26,300,343,145,275,-1,-1,-1,-1
789,26,295,342,147,278,-1,-1,-1,-1
790,26,295,347,146,268,-1,-1,-1,-1
791,26,301,349,135,262,-1,-1,-1,-1
792,26,307,347,126,263,-1,-1,-1,-1
793,26,319,348,117,263,-1,-1,-1,-1
794,26,318,342,131,275,-1,-1,-1,-1
795,26,320,344,147,276,-1,-1,-1,-1
796,26,322,345,160,274,-1,-1,-1,-1
797,26,335,347,158,270,-1,-1,-1,-1
798,26,366,352,125,259,-1,-1,-1,-1
799,26,377,349,128,263,-1,-1,-1,-1
800,26,385,349,127,261,-1,-1,-1,-1
801,26,382,339,126,282,-1,-1,-1,-1
802,26,394,346,108,266,-1,-1,-1,-1
803,26,399,348,104,261,-1,-1,-1,-1
804,26,413,348,89,261,-1,-1,-1,-1
805,26,420,344,88,271,-1,-1,-1,-1
806,26,420,344,95,270,-1,-1,-1,-1
807,26,421,345,99,266,-1,-1,-1,-1
808,26,418,346,106,266,-1,-1,-1,-1
809,26,422,341,103,280,-1,-1,-1,-1
810,26,427,348,100,267,-1,-1,-1,-1
811,26,434,346,97,272,-1,-1,-1,-1
812,26,446,349,87,265,-1,-1,-1,-1
813,26,454,351,84,263,-1,-1,-1,-1
814,26,459,352,84,257,-1,-1,-1,-1
815,26,462,349,86,261,-1,-1,-1,-1
816,26,470,351,80,252,-1,-1,-1,-1
817,26,480,352,70,244,-1,-1,-1,-1
818,26,484,345,69,262,-1,-1,-1,-1
819,26,485,347,78,255,-1,-1,-1,-1
820,26,488,345,71,263,-1,-1,-1,-1
821,26,495,347,59,262,-1,-1,-1,-1
822,26,493,349,69,257,-1,-1,-1,-1
823,26,496,348,69,260,-1,-1,-1,-1
824,26,499,348,69,259,-1,-1,-1,-1
825,26,503,348,67,260,-1,-1,-1,-1
826,26,506,349,67,260,-1,-1,-1,-1
827,26,509,349,68,259,-1,-1,-1,-1
828,26,513,349,68,260,-1,-1,-1,-1
829,26,516,349,68,260,-1,-1,-1,-1
681,27,4,381,67,213,-1,-1,-1,-1
682,27,3,381,71,207,-1,-1,-1,-1
683,27,1,379,73,207,-1,-1,-1,-1
684,27,2,380,72,202,-1,-1,-1,-1
685,27,2,377,69,206,-1,-1,-1,-1
686,27,2,374,73,208,-1,-1,-1,-1
687,27,1,370,79,214,-1,-1,-1,-1
688,27,3,375,85,204,-1,-1,-1,-1
689,27,7,371,86,211,-1,-1,-1,-1
690,27,11,372,84,212,-1,-1,-1,-1
691,27,11,365,89,229,-1,-1,-1,-1
692,27,12,368,92,232,-1,-1,-1,-1
693,27,12,371,93,231,-1,-1,-1,-1
694,27,13,378,95,217,-1,-1,-1,-1
695,27,14,377,93,218,-1,-1,-1,-1
696,27,14,378,95,214,-1,-1,-1,-1
697,27,16,378,94,211,-1,-1,-1,-1
698,27,19,375,91,217,-1,-1,-1,-1
699,27,20,374,92,224,-1,-1,-1,-1
700,27,26,376,86,220,-1,-1,-1,-1
701,27,32,376,82,221,-1,-1,-1,-1
702,27,36,377,81,224,-1,-1,-1,-1
703,27,38,377,83,224,-1,-1,-1,-1
704,27,43,376,79,225,-1,-1,-1,-1
705,27,47,375,78,225,-1,-1,-1,-1
706,27,47,371,80,229,-1,-1,-1,-1
707,27,49,371,80,229,-1,-1,-1,-1
708,27,50,370,80,234,-1,-1,-1,-1
709,27,51,373,82,229,-1,-1,-1,-1
710,27,50,372,86,229,-1,-1,-1,-1
711,27,47,365,93,240,-1,-1,-1,-1
712,27,47,365,98,240,-1,-1,-1,-1
713,27,49,364,97,242,-1,-1,-1,-1
714,27,50,362,102,249,-1,-1,-1,-1
715,27,51,364,107,247,-1,-1,-1,-1
716,27,57,369,102,234,-1,-1,-1,-1
717,27,62,370,95,226,-1,-1,-1,-1
718,27,66,366,92,228,-1,-1,-1,-1
719,27,65,371,98,218,-1,-1,-1,-1
720,27,67,370,99,222,-1,-1,-1,-1
721,27,72,373,95,216,-1,-1,-1,-1
722,27,76,372,95,218,-1,-1,-1,-1
723,27,77,370,105,226,-1,-1,-1,-1
724,27,86,367,99,231,-1,-1,-1,-1
725,27,92,364,98,240,-1,-1,-1,-1
726,27,99,366,93,236,-1,-1,-1,-1
727,27,104,366,90,236,-1,-1,-1,-1
728,27,106,361,91,246,-1,-1,-1,-1
729,27,111,363,85,245,-1,-1,-1,-1
730,27,113,366,86,242,-1,-1,-1,-1
731,27,117,370,82,233,-1,-1,-1,-1
732,27,118,366,85,246,-1,-1,-1,-1
733,27,121,365,85,249,-1,-1,-1,-1
734,27,124,367,83,246,-1,-1,-1,-1
735,27,127,366,84,246,-1,-1,-1,-1
736,27,131,364,80,250,-1,-1,-1,-1
737,27,135,367,76,241,-1,-1,-1,-1
738,27,139,364,74,247,-1,-1,-1,-1
739,27,141,363,74,250,-1,-1,-1,-1
740,27,140,366,77,242,-1,-1,-1,-1
741,27,141,366,79,240,-1,-1,-1,-1
742,27,145,367,77,240,-1,-1,-1,-1
743,27,148,363,80,248,-1,-1,-1,-1
744,27,153,363,75,245,-1,-1,-1,-1
745,27,156,361,76,249,-1,-1,-1,-1
746,27,159,365,76,244,-1,-1,-1,-1
747,27,162,364,75,241,-1,-1,-1,-1
748,27,162,360,81,248,-1,-1,-1,-1
749,27,162,362,85,240,-1,-1,-1,-1
750,27,164,361,88,240,-1,-1,-1,-1
751,27,164,359,92,241,-1,-1,-1,-1
752,27,168,359,88,242,-1,-1,-1,-1
753,27,167,359,98,241,-1,-1,-1,-1
754,27,175,363,91,237,-1,-1,-1,-1
755,27,178,365,91,235,-1,-1,-1,-1
756,27,183,366,91,236,-1,-1,-1,-1
757,27,190,365,84,233,-1,-1,-1,-1
758,27,192,366,87,226,-1,-1,-1,-1
759,27,190,362,93,229,-1,-1,-1,-1
760,27,187,360,101,234,-1,-1,-1,-1
761,27,184,363,111,225,-1,-1,-1,-1
762,27,183,366,113,216,-1,-1,-1,-1
763,27,176,376,119,196,-1,-1,-1,-1
764,27,163,359,144,230,-1,-1,-1,-1
765,27,201,355,88,250,-1,-1,-1,-1
766,27,215,362,78,240,-1,-1,-1,-1
767,27,221,360,79,245,-1,-1,-1,-1
768,27,230,367,71,225,-1,-1,-1,-1
769,27,235,362,67,235,-1,-1,-1,-1
770,27,239,360,66,245,-1,-1,-1,-1
771,27,242,361,66,249,-1,-1,-1,-1
772,27,242,363,72,247,-1,-1,-1,-1
773,27,242,363,77,246,-1,-1,-1,-1
774,27,242,362,82,247,-1,-1,-1,-1
775,27,242,358,86,256,-1,-1,-1,-1
776,27,242,359,89,253,-1,-1,-1,-1
777,27,246,358,85,255,-1,-1,-1,-1
778,27,247,358,87,258,-1,-1,-1,-1
779,27,251,360,85,256,-1,-1,-1,-1
780,27,253,358,94,262,-1,-1,-1,-1
781,27,260,352,94,272,-1,-1,-1,-1
782,27,265,351,97,273,-1,-1,-1,-1
783,27,274,355,93,264,-1,-1,-1,-1
784,27,281,354,83,263,-1,-1,-1,-1
785,27,283,355,85,264,-1,-1,-1,-1
786,27,286,352,88,268,-1,-1,-1,-1
787,27,289,352,89,266,-1,-1,-1,-1
788,27,294,352,88,265,-1,-1,-1,-1
789,27,299,352,86,265,-1,-1,-1,-1
790,27,302,351,87,266,-1,-1,-1,-1
791,27,306,351,88,266,-1,-1,-1,-1
792,27,310,350,88,266,-1,-1,-1,-1
793,27,314,350,87,266,-1,-1,-1,-1
794,27,318,350,87,266,-1,-1,-1,-1
795,27,322,349,87,266,-1,-1,-1,-1
803,27,361,351,72,253,-1,-1,-1,-1
804,27,363,347,75,267,-1,-1,-1,-1
805,27,368,349,73,267,-1,-1,-1,-1
806,27,364,344,94,271,-1,-1,-1,-1
807,27,372,345,81,267,-1,-1,-1,-1
808,27,380,345,71,273,-1,-1,-1,-1
809,27,379,340,76,285,-1,-1,-1,-1
810,27,382,345,72,275,-1,-1,-1,-1
811,27,378,343,91,286,-1,-1,-1,-1
812,27,386,350,87,277,-1,-1,-1,-1
813,27,392,348,81,278,-1,-1,-1,-1
814,27,389,348,95,277,-1,-1,-1,-1
815,27,393,346,96,278,-1,-1,-1,-1
816,27,397,339,97,291,-1,-1,-1,-1
817,27,407,340,90,291,-1,-1,-1,-1
818,27,409,341,101,293,-1,-1,-1,-1
819,27,413,342,110,288,-1,-1,-1,-1
820,27,422,340,99,291,-1,-1,-1,-1
821,27,424,338,106,294,-1,-1,-1,-1
822,27,430,338,104,292,-1,-1,-1,-1
823,27,433,338,109,287,-1,-1,-1,-1
824,27,438,340,110,285,-1,-1,-1,-1
825,27,440,337,115,291,-1,-1,-1,-1
826,27,446,341,110,281,-1,-1,-1,-1
827,27,446,342,113,273,-1,-1,-1,-1
828,27,451,346,108,260,-1,-1,-1,-1
829,27,455,336,104,282,-1,-1,-1,-1
830,27,455,337,106,281,-1,-1,-1,-1
831,27,460,338,97,284,-1,-1,-1,-1
832,27,463,338,98,288,-1,-1,-1,-1
833,27,465,334,102,300,-1,-1,-1,-1
834,27,469,340,97,290,-1,-1,-1,-1
835,27,477,346,91,278,-1,-1,-1,-1
836,27,477,342,97,288,-1,-1,-1,-1
837,27,481,342,97,289,-1,-1,-1,-1
838,27,484,342,97,289,-1,-1,-1,-1
839,27,488,344,96,287,-1,-1,-1,-1
840,27,491,346,96,286,-1,-1,-1,-1
841,27,493,346,97,288,-1,-1,-1,-1
842,27,498,346,96,288,-1,-1,-1,-1
843,27,501,347,96,288,-1,-1,-1,-1
844,27,504,348,96,287,-1,-1,-1,-1
690,28,1354,317,155,235,-1,-1,-1,-1
691,28,1334,315,158,244,-1,-1,-1,-1
692,28,1311,318,157,246,-1,-1,-1,-1
693,28,1287,322,159,240,-1,-1,-1,-1
694,28,1262,324,158,235,-1,-1,-1,-1
695,28,1239,325,158,233,-1,-1,-1,-1
696,28,1216,328,156,230,-1,-1,-1,-1
697,28,1192,326,158,237,-1,-1,-1,-1
698,28,1175,325,146,239,-1,-1,-1,-1
699,28,1156,329,141,237,-1,-1,-1,-1
700,28,1139,331,135,235,-1,-1,-1,-1
701,28,1118,328,137,241,-1,-1,-1,-1
702,28,1113,331,116,240,-1,-1,-1,-1
703,28,1107,335,96,237,-1,-1,-1,-1
704,28,1106,358,71,194,-1,-1,-1,-1
710,28,987,352,102,225,-1,-1,-1,-1
711,28,971,354,100,224,-1,-1,-1,-1
712,28,954,356,99,223,-1,-1,-1,-1
712,29,898,345,122,219,-1,-1,-1,-1
713,29,880,345,126,228,-1,-1,-1,-1
714,29,872,348,109,222,-1,-1,-1,-1
715,29,866,347,94,224,-1,-1,-1,-1
716,29,862,359,79,199,-1,-1,-1,-1
722,29,767,352,100,217,-1,-1,-1,-1
723,29,753,353,99,216,-1,-1,-1,-1
740,30,425,371,112,199,-1,-1,-1,-1
741,30,409,369,118,203,-1,-1,-1,-1
742,30,398,371,115,197,-1,-1,-1,-1
743,30,387,369,111,199,-1,-1,-1,-1
744,30,373,370,111,197,-1,-1,-1,-1
745,30,356,371,116,195,-1,-1,-1,-1
746,30,343,379,114,183,-1,-1,-1,-1
747,30,330,378,112,186,-1,-1,-1,-1
748,30,326,379,98,186,-1,-1,-1,-1
749,30,315,378,100,187,-1,-1,-1,-1
750,30,313,382,86,184,-1,-1,-1,-1
751,30,305,382,83,180,-1,-1,-1,-1
752,30,304,382,70,182,-1,-1,-1,-1
753,30,285,382,87,184,-1,-1,-1,-1
754,30,276,382,85,183,-1,-1,-1,-1
755,30,268,382,82,183,-1,-1,-1,-1
756,30,258,384,82,182,-1,-1,-1,-1
757,30,248,383,81,183,-1,-1,-1,-1
758,30,237,383,84,183,-1,-1,-1,-1
759,30,227,384,83,183,-1,-1,-1,-1
760,30,218,384,82,183,-1,-1,-1,-1
761,30,208,384,82,183,-1,-1,-1,-1
766,30,138,385,88,166,-1,-1,-1,-1
767,30,131,388,86,162,-1,-1,-1,-1
768,30,123,391,86,154,-1,-1,-1,-1
769,30,115,390,82,153,-1,-1,-1,-1
770,30,107,391,81,148,-1,-1,-1,-1
771,30,100,387,80,158,-1,-1,-1,-1
772,30,91,388,81,158,-1,-1,-1,-1
773,30,83,389,82,153,-1,-1,-1,-1
774,30,77,388,80,155,-1,-1,-1,-1
775,30,66,390,85,151,-1,-1,-1,-1
776,30,62,390,80,152,-1,-1,-1,-1
777,30,49,387,88,158,-1,-1,-1,-1
778,30,44,386,84,163,-1,-1,-1,-1
779,30,39,389,81,159,-1,-1,-1,-1
780,30,31,392,81,156,-1,-1,-1,-1
781,30,21,391,85,155,-1,-1,-1,-1
782,30,15,387,84,164,-1,-1,-1,-1
783,30,11,389,80,162,-1,-1,-1,-1
784,30,8,394,75,156,-1,-1,-1,-1
785,30,1,395,77,156,-1,-1,-1,-1
786,30,1,397,69,154,-1,-1,-1,-1
787,30,1,397,59,157,-1,-1,-1,-1
788,30,1,400,52,151,-1,-1,-1,-1
789,30,-2,398,55,158,-1,-1,-1,-1
790,30,-2,402,50,149,-1,-1,-1,-1
791,30,-10,401,57,154,-1,-1,-1,-1
792,30,-12,402,55,154,-1,-1,-1,-1
793,30,-15,402,54,153,-1,-1,-1,-1
794,30,-19,403,54,153,-1,-1,-1,-1
795,30,-23,404,54,153,-1,-1,-1,-1
796,30,-28,405,55,153,-1,-1,-1,-1
844,31,1425,317,119,282,-1,-1,-1,-1
845,31,1423,315,114,285,-1,-1,-1,-1
846,31,1419,317,107,283,-1,-1,-1,-1
847,31,1413,317,105,284,-1,-1,-1,-1
848,31,1403,314,110,287,-1,-1,-1,-1
849,31,1392,314,112,286,-1,-1,-1,-1
850,31,1382,317,116,280,-1,-1,-1,-1
851,31,1352,317,153,284,-1,-1,-1,-1
852,31,1321,318,188,281,-1,-1,-1,-1
853,31,1314,321,183,273,-1,-1,-1,-1
854,31,1316,320,169,274,-1,-1,-1,-1
855,31,1312,319,168,276,-1,-1,-1,-1
856,31,1307,320,170,275,-1,-1,-1,-1
857,31,1303,319,167,280,-1,-1,-1,-1
858,31,1309,319,139,283,-1,-1,-1,-1
859,31,1302,323,137,276,-1,-1,-1,-1
860,31,1299,316,124,284,-1,-1,-1,-1
861,31,1283,319,130,276,-1,-1,-1,-1
862,31,1278,321,122,273,-1,-1,-1,-1
863,31,1269,318,121,278,-1,-1,-1,-1
864,31,1261,318,122,280,-1,-1,-1,-1
865,31,1250,324,127,268,-1,-1,-1,-1
866,31,1239,324,137,266,-1,-1,-1,-1
867,31,1231,324,144,272,-1,-1,-1,-1
868,31,1213,324,167,274,-1,-1,-1,-1
869,31,1211,324,167,274,-1,-1,-1,-1
870,31,1215,325,152,271,-1,-1,-1,-1
871,31,1215,325,142,278,-1,-1,-1,-1
872,31,1219,324,114,279,-1,-1,-1,-1
873,31,1213,323,110,279,-1,-1,-1,-1
874,31,1206,326,108,272,-1,-1,-1,-1
875,31,1203,325,96,272,-1,-1,-1,-1
876,31,1193,323,100,275,-1,-1,-1,-1
877,31,1182,324,108,274,-1,-1,-1,-1
878,31,1176,325,109,272,-1,-1,-1,-1
879,31,1170,324,107,273,-1,-1,-1,-1
880,31,1161,322,116,277,-1,-1,-1,-1
881,31,1148,325,131,271,-1,-1,-1,-1
882,31,1140,326,137,271,-1,-1,-1,-1
883,31,1135,326,140,271,-1,-1,-1,-1
884,31,1136,328,126,272,-1,-1,-1,-1
885,31,1131,332,121,263,-1,-1,-1,-1
886,31,1124,328,121,270,-1,-1,-1,-1
887,31,1119,330,121,265,-1,-1,-1,-1
888,31,1114,327,117,267,-1,-1,-1,-1
889,31,1110,328,114,265,-1,-1,-1,-1
890,31,1106,324,107,275,-1,-1,-1,-1
891,31,1106,324,95,268,-1,-1,-1,-1
892,31,1104,325,88,265,-1,-1,-1,-1
893,31,1100,330,86,255,-1,-1,-1,-1
894,31,1096,329,87,257,-1,-1,-1,-1
895,31,1100,342,77,238,-1,-1,-1,-1
896,31,1096,345,88,237,-1,-1,-1,-1
897,31,1097,358,81,223,-1,-1,-1,-1
898,31,1094,351,84,242,-1,-1,-1,-1
899,31,1092,355,84,239,-1,-1,-1,-1
900,31,1090,359,83,236,-1,-1,-1,-1
901,31,1087,362,84,235,-1,-1,-1,-1
908,32,975,339,79,258,-1,-1,-1,-1
909,32,974,339,77,256,-1,-1,-1,-1
910,32,972,335,78,261,-1,-1,-1,-1
911,32,971,342,76,254,-1,-1,-1,-1
912,32,970,340,74,261,-1,-1,-1,-1
913,32,969,340,73,258,-1,-1,-1,-1
914,32,966,340,75,258,-1,-1,-1,-1
915,32,964,340,75,258,-1,-1,-1,-1
916,32,962,339,75,258,-1,-1,-1,-1
917,32,961,338,74,259,-1,-1,-1,-1
918,32,958,339,75,258,-1,-1,-1,-1
919,32,956,338,75,258,-1,-1,-1,-1
920,32,954,338,75,258,-1,-1,-1,-1
921,32,952,338,75,258,-1,-1,-1,-1
922,32,950,337,75,258,-1,-1,-1,-1
926,32,868,340,92,266,-1,-1,-1,-1
927,32,865,337,93,261,-1,-1,-1,-1
928,32,866,340,83,253,-1,-1,-1,-1
929,32,863,336,83,259,-1,-1,-1,-1
930,32,872,337,64,248,-1,-1,-1,-1
931,32,867,337,68,246,-1,-1,-1,-1
932,32,866,338,65,243,-1,-1,-1,-1
909,33,877,307,109,323,-1,-1,-1,-1
910,33,883,302,102,336,-1,-1,-1,-1
911,33,884,313,107,323,-1,-1,-1,-1
912,33,892,318,104,318,-1,-1,-1,-1
913,33,888,312,130,326,-1,-1,-1,-1
914,33,892,306,140,333,-1,-1,-1,-1
915,33,897,307,146,327,-1,-1,-1,-1
916,33,908,310,133,317,-1,-1,-1,-1
917,33,914,310,127,314,-1,-1,-1,-1
918,33,916,303,124,329,-1,-1,-1,-1
919,33,909,300,135,342,-1,-1,-1,-1
920,33,912,308,133,326,-1,-1,-1,-1
921,33,909,316,142,311,-1,-1,-1,-1
922,33,928,312,124,323,-1,-1,-1,-1
923,33,947,318,107,306,-1,-1,-1,-1
924,33,959,308,99,319,-1,-1,-1,-1
925,33,965,312,101,303,-1,-1,-1,-1
926,33,972,315,97,293,-1,-1,-1,-1
927,33,975,306,100,307,-1,-1,-1,-1
928,33,982,302,92,315,-1,-1,-1,-1
929,33,984,305,98,307,-1,-1,-1,-1
930,33,989,305,97,305,-1,-1,-1,-1
931,33,994,304,97,305,-1,-1,-1,-1
951,34,1117,301,138,340,-1,-1,-1,-1
952,34,1118,298,147,335,-1,-1,-1,-1
953,34,1116,295,167,342,-1,-1,-1,-1
954,34,1117,292,180,350,-1,-1,-1,-1
955,34,1126,294,177,344,-1,-1,-1,-1
956,34,1125,296,190,337,-1,-1,-1,-1
957,34,1133,293,186,343,-1,-1,-1,-1
958,34,1135,292,186,340,-1,-1,-1,-1
959,34,1148,285,162,354,-1,-1,-1,-1
960,34,1151,286,166,348,-1,-1,-1,-1
961,34,1152,276,174,367,-1,-1,-1,-1
962,34,1157,282,172,356,-1,-1,-1,-1
963,34,1162,284,175,347,-1,-1,-1,-1
964,34,1173,278,165,360,-1,-1,-1,-1
965,34,1183,284,153,342,-1,-1,-1,-1
966,34,1190,279,147,343,-1,-1,-1,-1
967,34,1193,283,154,335,-1,-1,-1,-1
968,34,1201,282,153,349,-1,-1,-1,-1
969,34,1204,280,163,361,-1,-1,-1,-1
970,34,1208,284,171,355,-1,-1,-1,-1
971,34,1215,294,182,340,-1,-1,-1,-1
972,34,1212,293,209,342,-1,-1,-1,-1
973,34,1218,292,220,343,-1,-1,-1,-1
974,34,1224,293,223,341,-1,-1,-1,-1
975,34,1234,295,213,337,-1,-1,-1,-1
976,34,1240,294,206,338,-1,-1,-1,-1
977,34,1248,291,195,344,-1,-1,-1,-1
978,34,1246,289,202,350,-1,-1,-1,-1
979,34,1250,288,197,350,-1,-1,-1,-1
980,34,1263,282,184,361,-1,-1,-1,-1
981,34,1275,283,174,359,-1,-1,-1,-1
982,34,1285,288,170,344,-1,-1,-1,-1
983,34,1297,284,166,349,-1,-1,-1,-1
984,34,1307,277,155,363,-1,-1,-1,-1
985,34,1307,281,170,355,-1,-1,-1,-1
986,34,1344,281,137,362,-1,-1,-1,-1
987,34,1362,280,133,365,-1,-1,-1,-1
988,34,1369,277,148,367,-1,-1,-1,-1
989,34,1366,283,171,352,-1,-1,-1,-1
990,34,1387,278,152,360,-1,-1,-1,-1
991,34,1400,277,148,361,-1,-1,-1,-1
992,34,1411,276,150,361,-1,-1,-1,-1
993,34,1420,277,154,360,-1,-1,-1,-1
994,34,1430,276,155,359,-1,-1,-1,-1
995,34,1444,274,152,361,-1,-1,-1,-1
996,34,1455,274,152,361,-1,-1,-1,-1
989,35,1314,295,113,332,-1,-1,-1,-1
990,35,1317,291,117,335,-1,-1,-1,-1
991,35,1322,290,124,337,-1,-1,-1,-1
992,35,1332,292,116,333,-1,-1,-1,-1
993,35,1330,287,134,344,-1,-1,-1,-1
994,35,1334,286,139,343,-1,-1,-1,-1
995,35,1323,284,198,341,-1,-1,-1,-1
996,35,1341,277,194,349,-1,-1,-1,-1
997,35,1347,280,201,346,-1,-1,-1,-1
998,35,1359,280,198,342,-1,-1,-1,-1
999,35,1377,284,160,334,-1,-1,-1,-1
1000,35,1369,283,189,335,-1,-1,-1,-1
990,36,452,365,111,236,-1,-1,-1,-1
991,36,446,370,116,227,-1,-1,-1,-1
992,36,443,371,115,225,-1,-1,-1,-1
993,36,441,368,115,230,-1,-1,-1,-1
994,36,438,371,118,227,-1,-1,-1,-1
995,36,444,374,88,223,-1,-1,-1,-1
996,36,443,370,69,229,-1,-1,-1,-1
997,36,431,369,77,228,-1,-1,-1,-1
998,36,423,369,81,227,-1,-1,-1,-1
999,36,414,363,85,235,-1,-1,-1,-1
1000,36,409,362,88,235,-1,-1,-1,-1
999,37,490,364,75,227,-1,-1,-1,-1
1000,37,488,370,75,216,-1,-1,-1,-1
171,14,597,74,457,1003,-1,-1,-1,-1
172,14,622,76,463,1000,-1,-1,-1,-1
173,14,647,78,468,997,-1,-1,-1,-1
176,17,809,53,551,1009,-1,-1,-1,-1
210,19,353,384,84,187,-1,-1,-1,-1
211,19,347,385,80,188,-1,-1,-1,-1
212,19,340,386,76,188,-1,-1,-1,-1
213,19,334,386,72,189,-1,-1,-1,-1
214,19,327,387,68,189,-1,-1,-1,-1
215,20,367,358,92,185,-1,-1,-1,-1
216,20,366,361,90,187,-1,-1,-1,-1
217,20,365,364,88,189,-1,-1,-1,-1
218,20,364,367,86,190,-1,-1,-1,-1
219,20,362,370,83,192,-1,-1,-1,-1
220,20,361,373,81,194,-1,-1,-1,-1
221,20,360,376,79,195,-1,-1,-1,-1
222,20,359,379,77,197,-1,-1,-1,-1
280,22,1347,316,81,195,-1,-1,-1,-1
281,22,1337,334,82,199,-1,-1,-1,-1
796,27,326,349,85,264,-1,-1,-1,-1
797,27,331,349,83,262,-1,-1,-1,-1
798,27,336,349,81,261,-1,-1,-1,-1
799,27,341,350,79,259,-1,-1,-1,-1
800,27,346,350,77,257,-1,-1,-1,-1
801,27,351,350,75,256,-1,-1,-1,-1
802,27,356,350,73,254,-1,-1,-1,-1
705,28,1086,357,76,199,-1,-1,-1,-1
706,28,1066,356,81,204,-1,-1,-1,-1
707,28,1046,355,86,209,-1,-1,-1,-1
708,28,1026,354,91,214,-1,-1,-1,-1
709,28,1006,353,96,219,-1,-1,-1,-1
717,29,846,357,82,202,-1,-1,-1,-1
718,29,830,356,86,205,-1,-1,-1,-1
719,29,814,355,89,208,-1,-1,-1,-1
720,29,798,354,93,211,-1,-1,-1,-1
721,29,782,353,96,214,-1,-1,-1,-1
762,30,194,384,83,179,-1,-1,-1,-1
763,30,180,384,84,176,-1,-1,-1,-1
764,30,166,384,85,172,-1,-1,-1,-1
765,30,152,384,86,169,-1,-1,-1,-1
923,32,929,337,79,260,-1,-1,-1,-1
924,32,909,338,83,262,-1,-1,-1,-1
925,32,888,339,87,264,-1,-1,-1,-1
