1,1,280,376,100,236,-1,-1,-1,-1
2,1,284,376,100,237,-1,-1,-1,-1
3,1,285,377,101,231,-1,-1,-1,-1
4,1,287,377,104,232,-1,-1,-1,-1
5,1,288,376,113,234,-1,-1,-1,-1
6,1,290,377,115,234,-1,-1,-1,-1
7,1,295,375,116,238,-1,-1,-1,-1
8,1,299,376,115,235,-1,-1,-1,-1
9,1,304,378,116,234,-1,-1,-1,-1
10,1,308,374,115,243,-1,-1,-1,-1
11,1,314,375,111,245,-1,-1,-1,-1
12,1,323,377,99,241,-1,-1,-1,-1
13,1,332,377,89,240,-1,-1,-1,-1
14,1,340,373,83,247,-1,-1,-1,-1
15,1,341,372,91,246,-1,-1,-1,-1
16,1,341,372,109,243,-1,-1,-1,-1
17,1,349,372,110,241,-1,-1,-1,-1
18,1,353,371,110,245,-1,-1,-1,-1
19,1,351,375,117,240,-1,-1,-1,-1
20,1,351,380,125,233,-1,-1,-1,-1
21,1,359,380,120,238,-1,-1,-1,-1
22,1,368,377,116,246,-1,-1,-1,-1
23,1,371,379,118,245,-1,-1,-1,-1
24,1,382,381,103,242,-1,-1,-1,-1
25,1,390,379,99,243,-1,-1,-1,-1
26,1,399,375,98,251,-1,-1,-1,-1
27,1,405,376,101,247,-1,-1,-1,-1
28,1,411,377,106,241,-1,-1,-1,-1
29,1,415,376,113,239,-1,-1,-1,-1
30,1,420,371,119,250,-1,-1,-1,-1
31,1,428,372,115,243,-1,-1,-1,-1
32,1,433,371,116,247,-1,-1,-1,-1
33,1,438,372,116,245,-1,-1,-1,-1
34,1,441,372,118,246,-1,-1,-1,-1
35,1,447,375,111,239,-1,-1,-1,-1
36,1,452,378,108,234,-1,-1,-1,-1
37,1,455,374,106,243,-1,-1,-1,-1
38,1,461,375,102,246,-1,-1,-1,-1
39,1,470,378,94,240,-1,-1,-1,-1
40,1,481,374,84,240,-1,-1,-1,-1
41,1,488,373,80,237,-1,-1,-1,-1
42,1,495,367,74,249,-1,-1,-1,-1
43,1,499,375,71,232,-1,-1,-1,-1
44,1,502,369,70,242,-1,-1,-1,-1
45,1,504,363,70,247,-1,-1,-1,-1
46,1,508,367,65,239,-1,-1,-1,-1
47,1,509,365,70,242,-1,-1,-1,-1
48,1,512,365,69,240,-1,-1,-1,-1
49,1,515,363,69,242,-1,-1,-1,-1
50,1,518,362,69,242,-1,-1,-1,-1
51,1,522,361,68,241,-1,-1,-1,-1
52,1,524,360,69,241,-1,-1,-1,-1
53,1,527,359,69,241,-1,-1,-1,-1
54,1,530,358,69,242,-1,-1,-1,-1
55,1,532,357,69,241,-1,-1,-1,-1
1,2,405,379,87,214,-1,-1,-1,-1
2,2,407,383,88,212,-1,-1,-1,-1
3,2,410,381,88,212,-1,-1,-1,-1
4,2,412,381,89,216,-1,-1,-1,-1
5,2,422,381,86,212,-1,-1,-1,-1
6,2,426,383,84,211,-1,-1,-1,-1
7,2,433,380,79,215,-1,-1,-1,-1
8,2,435,382,87,210,-1,-1,-1,-1
9,2,441,380,90,212,-1,-1,-1,-1
10,2,444,379,95,214,-1,-1,-1,-1
11,2,447,378,103,216,-1,-1,-1,-1
12,2,453,379,101,216,-1,-1,-1,-1
13,2,454,379,110,218,-1,-1,-1,-1
14,2,459,382,105,213,-1,-1,-1,-1
15,2,464,381,100,217,-1,-1,-1,-1
16,2,470,385,92,212,-1,-1,-1,-1
17,2,476,381,83,215,-1,-1,-1,-1
18,2,480,376,80,220,-1,-1,-1,-1
19,2,487,377,72,214,-1,-1,-1,-1
20,2,491,374,69,218,-1,-1,-1,-1
21,2,494,376,68,213,-1,-1,-1,-1
22,2,500,382,64,199,-1,-1,-1,-1
23,2,504,385,61,193,-1,-1,-1,-1
24,2,509,384,53,196,-1,-1,-1,-1
25,2,507,380,63,204,-1,-1,-1,-1
26,2,510,380,62,201,-1,-1,-1,-1
27,2,514,382,60,198,-1,-1,-1,-1
28,2,516,382,60,198,-1,-1,-1,-1
29,2,519,380,60,199,-1,-1,-1,-1
30,2,521,380,61,200,-1,-1,-1,-1
31,2,524,379,60,199,-1,-1,-1,-1
32,2,527,379,60,199,-1,-1,-1,-1
33,2,529,378,60,199,-1,-1,-1,-1
74,3,1436,332,122,268,-1,-1,-1,-1
75,3,1425,329,129,272,-1,-1,-1,-1
76,3,1424,328,128,264,-1,-1,-1,-1
77,3,1420,321,132,273,-1,-1,-1,-1
78,3,1418,321,130,275,-1,-1,-1,-1
79,3,1421,315,128,283,-1,-1,-1,-1
80,3,1446,312,96,281,-1,-1,-1,-1
81,3,1455,310,84,278,-1,-1,-1,-1
82,3,1447,312,95,269,-1,-1,-1,-1
83,3,1442,313,95,265,-1,-1,-1,-1
84,3,1433,314,100,265,-1,-1,-1,-1
85,3,1420,317,110,266,-1,-1,-1,-1
86,3,1401,322,124,260,-1,-1,-1,-1
87,3,1404,320,105,265,-1,-1,-1,-1
88,3,1378,320,136,278,-1,-1,-1,-1
89,3,1364,326,142,272,-1,-1,-1,-1
90,3,1353,323,140,284,-1,-1,-1,-1
91,3,1326,335,152,264,-1,-1,-1,-1
92,3,1310,333,150,264,-1,-1,-1,-1
93,3,1314,325,117,272,-1,-1,-1,-1
94,3,1313,322,94,274,-1,-1,-1,-1
95,3,1310,326,81,260,-1,-1,-1,-1
96,3,1297,327,90,257,-1,-1,-1,-1
97,3,1278,322,106,265,-1,-1,-1,-1
98,3,1269,328,110,261,-1,-1,-1,-1
99,3,1266,328,96,263,-1,-1,-1,-1
100,3,1255,329,97,261,-1,-1,-1,-1
101,3,1243,329,100,262,-1,-1,-1,-1
102,3,1232,329,102,263,-1,-1,-1,-1
103,3,1222,330,101,262,-1,-1,-1,-1
104,3,1213,330,99,262,-1,-1,-1,-1
105,3,1203,331,100,262,-1,-1,-1,-1
133,3,1186,343,116,289,-1,-1,-1,-1
134,3,1200,347,101,282,-1,-1,-1,-1
135,3,1215,352,88,267,-1,-1,-1,-1
136,3,1236,357,59,257,-1,-1,-1,-1
137,3,1234,345,73,278,-1,-1,-1,-1
138,3,1235,345,87,275,-1,-1,-1,-1
139,3,1245,346,82,272,-1,-1,-1,-1
140,3,1254,346,78,270,-1,-1,-1,-1
141,3,1263,345,76,270,-1,-1,-1,-1
142,3,1268,342,79,273,-1,-1,-1,-1
143,3,1275,342,80,272,-1,-1,-1,-1
144,3,1283,343,86,286,-1,-1,-1,-1
145,3,1294,349,80,274,-1,-1,-1,-1
146,3,1302,348,80,275,-1,-1,-1,-1
147,3,1308,348,81,276,-1,-1,-1,-1
148,3,1316,347,82,277,-1,-1,-1,-1
149,3,1324,348,82,278,-1,-1,-1,-1
150,3,1332,349,81,276,-1,-1,-1,-1
84,4,1347,325,129,268,-1,-1,-1,-1
85,4,1316,329,161,266,-1,-1,-1,-1
86,4,1306,340,152,251,-1,-1,-1,-1
87,4,1298,331,149,267,-1,-1,-1,-1
88,4,1294,337,142,259,-1,-1,-1,-1
89,4,1292,336,125,263,-1,-1,-1,-1
90,4,1289,333,114,268,-1,-1,-1,-1
91,4,1266,337,137,262,-1,-1,-1,-1
92,4,1258,337,133,264,-1,-1,-1,-1
93,4,1267,329,81,269,-1,-1,-1,-1
94,4,1255,331,86,263,-1,-1,-1,-1
95,4,1237,331,99,263,-1,-1,-1,-1
96,4,1226,331,97,265,-1,-1,-1,-1
97,4,1211,334,130,260,-1,-1,-1,-1
98,4,1190,344,146,245,-1,-1,-1,-1
99,4,1193,337,158,262,-1,-1,-1,-1
100,4,1194,347,147,243,-1,-1,-1,-1
101,4,1211,337,138,262,-1,-1,-1,-1
102,4,1215,338,141,257,-1,-1,-1,-1
103,4,1213,339,147,255,-1,-1,-1,-1
104,4,1222,343,119,247,-1,-1,-1,-1
105,4,1217,337,115,255,-1,-1,-1,-1
106,4,1218,332,91,262,-1,-1,-1,-1
107,4,1212,334,77,251,-1,-1,-1,-1
108,4,1195,327,84,257,-1,-1,-1,-1
109,4,1180,331,87,251,-1,-1,-1,-1
110,4,1169,329,91,260,-1,-1,-1,-1
111,4,1153,328,103,263,-1,-1,-1,-1
112,4,1130,334,128,251,-1,-1,-1,-1
113,4,1120,332,129,258,-1,-1,-1,-1
114,4,1109,341,134,245,-1,-1,-1,-1
115,4,1106,341,130,252,-1,-1,-1,-1
116,4,1105,345,119,251,-1,-1,-1,-1
117,4,1100,340,115,263,-1,-1,-1,-1
118,4,1095,344,108,269,-1,-1,-1,-1
119,4,1105,354,76,262,-1,-1,-1,-1
120,4,1099,357,81,263,-1,-1,-1,-1
121,4,1098,354,83,273,-1,-1,-1,-1
122,4,1100,355,83,273,-1,-1,-1,-1
123,4,1104,360,84,266,-1,-1,-1,-1
124,4,1108,356,86,272,-1,-1,-1,-1
125,4,1110,352,91,277,-1,-1,-1,-1
126,4,1108,342,110,301,-1,-1,-1,-1
127,4,1113,338,116,309,-1,-1,-1,-1
128,4,1115,342,119,303,-1,-1,-1,-1
129,4,1127,349,86,295,-1,-1,-1,-1
130,4,1120,349,104,297,-1,-1,-1,-1
131,4,1122,353,93,292,-1,-1,-1,-1
132,4,1117,351,108,298,-1,-1,-1,-1
133,4,1119,344,110,309,-1,-1,-1,-1
134,4,1126,350,107,289,-1,-1,-1,-1
135,4,1126,341,122,297,-1,-1,-1,-1
136,4,1133,334,127,307,-1,-1,-1,-1
137,4,1146,340,124,297,-1,-1,-1,-1
138,4,1155,334,126,311,-1,-1,-1,-1
139,4,1155,331,157,315,-1,-1,-1,-1
140,4,1172,329,155,315,-1,-1,-1,-1
141,4,1185,328,147,319,-1,-1,-1,-1
142,4,1200,335,126,310,-1,-1,-1,-1
143,4,1194,338,157,306,-1,-1,-1,-1
144,4,1217,335,117,311,-1,-1,-1,-1
145,4,1206,334,166,313,-1,-1,-1,-1
146,4,1210,333,187,313,-1,-1,-1,-1
147,4,1222,329,191,314,-1,-1,-1,-1
148,4,1227,334,205,297,-1,-1,-1,-1
149,4,1242,322,193,316,-1,-1,-1,-1
150,4,1249,324,200,316,-1,-1,-1,-1
151,4,1268,320,181,328,-1,-1,-1,-1
152,4,1275,321,177,332,-1,-1,-1,-1
153,4,1273,328,196,319,-1,-1,-1,-1
154,4,1281,327,193,324,-1,-1,-1,-1
155,4,1291,329,189,321,-1,-1,-1,-1
156,4,1299,333,186,316,-1,-1,-1,-1
157,4,1312,329,173,322,-1,-1,-1,-1
158,4,1314,330,185,317,-1,-1,-1,-1
159,4,1327,329,183,324,-1,-1,-1,-1
160,4,1321,327,213,328,-1,-1,-1,-1
161,4,1324,328,222,324,-1,-1,-1,-1
162,4,1332,330,225,319,-1,-1,-1,-1
163,4,1347,328,212,322,-1,-1,-1,-1
164,4,1370,328,185,318,-1,-1,-1,-1
165,4,1392,323,164,329,-1,-1,-1,-1
166,4,1408,323,150,330,-1,-1,-1,-1
167,4,1420,328,141,319,-1,-1,-1,-1
168,4,1427,327,136,323,-1,-1,-1,-1
169,4,1433,326,131,322,-1,-1,-1,-1
170,4,1435,319,130,335,-1,-1,-1,-1
171,4,1436,325,128,327,-1,-1,-1,-1
172,4,1439,325,124,325,-1,-1,-1,-1
173,4,1436,328,127,313,-1,-1,-1,-1
174,4,1435,334,127,299,-1,-1,-1,-1
175,4,1449,332,106,306,-1,-1,-1,-1
176,4,1464,336,88,297,-1,-1,-1,-1
177,4,1477,333,76,300,-1,-1,-1,-1
178,4,1493,330,60,309,-1,-1,-1,-1
179,4,1482,334,91,302,-1,-1,-1,-1
180,4,1491,332,84,303,-1,-1,-1,-1
181,4,1498,333,80,302,-1,-1,-1,-1
182,4,1505,332,78,304,-1,-1,-1,-1
183,4,1509,332,79,304,-1,-1,-1,-1
184,4,1513,332,82,303,-1,-1,-1,-1
185,4,1518,332,81,303,-1,-1,-1,-1
186,4,1524,332,80,303,-1,-1,-1,-1
88,5,867,356,116,245,-1,-1,-1,-1
89,5,870,352,120,252,-1,-1,-1,-1
90,5,872,355,119,245,-1,-1,-1,-1
91,5,877,354,115,251,-1,-1,-1,-1
92,5,877,355,120,253,-1,-1,-1,-1
93,5,888,357,110,256,-1,-1,-1,-1
94,5,901,360,98,254,-1,-1,-1,-1
95,5,912,359,91,257,-1,-1,-1,-1
96,5,921,358,91,258,-1,-1,-1,-1
97,5,934,356,83,261,-1,-1,-1,-1
98,5,941,359,90,253,-1,-1,-1,-1
99,5,948,360,92,252,-1,-1,-1,-1
100,5,950,358,102,258,-1,-1,-1,-1
101,5,956,353,104,269,-1,-1,-1,-1
102,5,967,357,94,266,-1,-1,-1,-1
103,5,973,353,87,278,-1,-1,-1,-1
104,5,978,357,82,270,-1,-1,-1,-1
105,5,979,353,83,278,-1,-1,-1,-1
106,5,993,353,69,273,-1,-1,-1,-1
107,5,1006,357,58,263,-1,-1,-1,-1
108,5,1003,351,76,273,-1,-1,-1,-1
98,6,868,350,86,277,-1,-1,-1,-1
99,6,867,354,94,271,-1,-1,-1,-1
100,6,872,355,95,268,-1,-1,-1,-1
101,6,878,353,97,272,-1,-1,-1,-1
102,6,884,354,97,273,-1,-1,-1,-1
103,6,887,355,109,280,-1,-1,-1,-1
104,6,896,358,109,277,-1,-1,-1,-1
105,6,902,356,116,282,-1,-1,-1,-1
106,6,912,358,111,275,-1,-1,-1,-1
107,6,919,353,117,287,-1,-1,-1,-1
108,6,929,353,115,286,-1,-1,-1,-1
109,6,938,348,109,291,-1,-1,-1,-1
110,6,941,346,116,292,-1,-1,-1,-1
111,6,950,348,109,286,-1,-1,-1,-1
112,6,960,342,102,297,-1,-1,-1,-1
113,6,966,344,98,293,-1,-1,-1,-1
114,6,969,345,100,296,-1,-1,-1,-1
115,6,972,350,99,290,-1,-1,-1,-1
116,6,978,354,96,288,-1,-1,-1,-1
117,6,986,360,91,275,-1,-1,-1,-1
118,6,987,353,97,289,-1,-1,-1,-1
119,6,992,355,97,288,-1,-1,-1,-1
120,6,998,357,96,286,-1,-1,-1,-1
121,6,997,369,70,238,-1,-1,-1,-1
122,6,976,355,103,252,-1,-1,-1,-1
123,6,962,349,118,256,-1,-1,-1,-1
124,6,953,347,118,259,-1,-1,-1,-1
125,6,946,356,117,236,-1,-1,-1,-1
126,6,942,355,112,232,-1,-1,-1,-1
127,6,936,352,109,234,-1,-1,-1,-1
128,6,934,351,100,235,-1,-1,-1,-1
129,6,929,349,86,237,-1,-1,-1,-1
130,6,922,349,80,234,-1,-1,-1,-1
131,6,913,348,82,238,-1,-1,-1,-1
132,6,897,351,92,232,-1,-1,-1,-1
133,6,894,359,78,220,-1,-1,-1,-1
134,6,875,353,100,231,-1,-1,-1,-1
135,6,869,358,97,218,-1,-1,-1,-1
136,6,866,355,90,218,-1,-1,-1,-1
137,6,861,354,87,216,-1,-1,-1,-1
138,6,865,354,75,219,-1,-1,-1,-1
105,7,1145,343,85,241,-1,-1,-1,-1
106,7,1138,338,82,250,-1,-1,-1,-1
107,7,1125,339,86,247,-1,-1,-1,-1
108,7,1114,345,87,237,-1,-1,-1,-1
109,7,1109,336,86,257,-1,-1,-1,-1
110,7,1104,343,85,246,-1,-1,-1,-1
111,7,1100,350,86,233,-1,-1,-1,-1
112,7,1093,345,86,244,-1,-1,-1,-1
113,7,1086,345,86,243,-1,-1,-1,-1
129,7,989,349,80,222,-1,-1,-1,-1
130,7,984,345,76,230,-1,-1,-1,-1
131,7,978,347,79,232,-1,-1,-1,-1
132,7,972,348,81,233,-1,-1,-1,-1
133,7,962,349,89,232,-1,-1,-1,-1
134,7,956,344,88,242,-1,-1,-1,-1
135,7,949,344,85,241,-1,-1,-1,-1
136,7,939,346,90,238,-1,-1,-1,-1
137,7,928,348,98,236,-1,-1,-1,-1
138,7,911,347,114,240,-1,-1,-1,-1
139,7,895,349,128,240,-1,-1,-1,-1
140,7,884,349,131,238,-1,-1,-1,-1
141,7,879,352,130,235,-1,-1,-1,-1
142,7,872,351,129,235,-1,-1,-1,-1
143,7,869,353,121,233,-1,-1,-1,-1
144,7,866,357,114,224,-1,-1,-1,-1
145,7,873,355,84,220,-1,-1,-1,-1
146,7,871,348,75,224,-1,-1,-1,-1
137,8,0,224,243,854,-1,-1,-1,-1
138,8,1,227,257,854,-1,-1,-1,-1
139,8,5,201,259,887,-1,-1,-1,-1
140,8,1,204,286,871,-1,-1,-1,-1
141,8,3,213,295,843,-1,-1,-1,-1
142,8,2,207,312,859,-1,-1,-1,-1
143,8,-1,194,340,879,-1,-1,-1,-1
144,8,2,198,355,876,-1,-1,-1,-1
145,8,1,192,382,886,-1,-1,-1,-1
146,8,-5,182,426,896,-1,-1,-1,-1
147,8,4,175,439,901,-1,-1,-1,-1
148,8,15,178,442,885,-1,-1,-1,-1
149,8,44,173,409,889,-1,-1,-1,-1
150,8,52,168,419,891,-1,-1,-1,-1
151,8,61,164,427,893,-1,-1,-1,-1
152,8,74,162,427,892,-1,-1,-1,-1
153,8,88,160,425,890,-1,-1,-1,-1
154,8,103,155,421,891,-1,-1,-1,-1
155,8,115,152,424,891,-1,-1,-1,-1
156,8,127,149,425,891,-1,-1,-1,-1
157,8,141,145,424,891,-1,-1,-1,-1
151,9,0,775,242,303,-1,-1,-1,-1
152,9,-3,773,275,305,-1,-1,-1,-1
153,9,1,775,292,301,-1,-1,-1,-1
154,9,0,778,321,298,-1,-1,-1,-1
155,9,8,777,343,301,-1,-1,-1,-1
156,9,36,783,337,291,-1,-1,-1,-1
157,9,59,789,342,286,-1,-1,-1,-1
158,9,86,786,327,295,-1,-1,-1,-1
159,9,103,788,334,294,-1,-1,-1,-1
160,9,121,790,337,294,-1,-1,-1,-1
161,9,142,792,336,292,-1,-1,-1,-1
162,9,162,794,335,292,-1,-1,-1,-1
163,9,183,794,334,294,-1,-1,-1,-1
164,9,202,796,335,293,-1,-1,-1,-1
153,10,104,156,501,922,-1,-1,-1,-1
154,10,131,157,503,922,-1,-1,-1,-1
155,10,149,157,509,924,-1,-1,-1,-1
156,10,173,159,506,922,-1,-1,-1,-1
157,10,216,143,478,937,-1,-1,-1,-1
158,10,228,148,499,925,-1,-1,-1,-1
159,10,250,147,499,926,-1,-1,-1,-1
160,10,279,139,467,940,-1,-1,-1,-1
161,10,293,137,495,942,-1,-1,-1,-1
162,10,319,140,488,934,-1,-1,-1,-1
163,10,340,139,490,933,-1,-1,-1,-1
164,10,363,137,488,935,-1,-1,-1,-1
165,10,387,135,485,937,-1,-1,-1,-1
166,10,407,135,489,936,-1,-1,-1,-1
167,10,430,134,488,935,-1,-1,-1,-1
161,11,10,383,90,172,-1,-1,-1,-1
162,11,18,379,86,175,-1,-1,-1,-1
163,11,23,381,92,176,-1,-1,-1,-1
164,11,26,384,97,166,-1,-1,-1,-1
165,11,31,383,99,168,-1,-1,-1,-1
166,11,37,380,98,171,-1,-1,-1,-1
167,11,44,389,95,154,-1,-1,-1,-1
168,11,50,380,101,172,-1,-1,-1,-1
169,11,57,373,99,189,-1,-1,-1,-1
170,11,67,376,91,189,-1,-1,-1,-1
171,11,74,383,92,172,-1,-1,-1,-1
172,11,83,382,92,176,-1,-1,-1,-1
173,11,86,378,99,185,-1,-1,-1,-1
174,11,90,381,100,179,-1,-1,-1,-1
175,11,95,376,99,188,-1,-1,-1,-1
176,11,101,388,104,162,-1,-1,-1,-1
177,11,108,377,102,185,-1,-1,-1,-1
178,11,117,379,100,180,-1,-1,-1,-1
179,11,127,380,82,166,-1,-1,-1,-1
180,11,128,373,94,177,-1,-1,-1,-1
181,11,135,375,99,174,-1,-1,-1,-1
182,11,140,364,103,201,-1,-1,-1,-1
183,11,155,375,80,173,-1,-1,-1,-1
184,11,155,373,96,173,-1,-1,-1,-1
185,11,155,369,112,189,-1,-1,-1,-1
186,11,165,368,106,195,-1,-1,-1,-1
187,11,175,375,107,175,-1,-1,-1,-1
188,11,189,377,104,166,-1,-1,-1,-1
189,11,201,367,100,185,-1,-1,-1,-1
190,11,206,367,107,183,-1,-1,-1,-1
191,11,217,368,105,181,-1,-1,-1,-1
192,11,228,364,97,188,-1,-1,-1,-1
193,11,240,372,82,160,-1,-1,-1,-1
194,11,241,366,91,165,-1,-1,-1,-1
195,11,250,363,88,167,-1,-1,-1,-1
196,11,258,360,84,177,-1,-1,-1,-1
197,11,263,357,87,187,-1,-1,-1,-1
198,11,272,360,89,184,-1,-1,-1,-1
199,11,280,357,88,197,-1,-1,-1,-1
200,11,292,370,90,161,-1,-1,-1,-1
201,11,302,360,92,182,-1,-1,-1,-1
202,11,311,362,91,175,-1,-1,-1,-1
203,11,322,359,90,180,-1,-1,-1,-1
204,11,330,358,102,183,-1,-1,-1,-1
205,11,346,358,95,183,-1,-1,-1,-1
206,11,362,356,84,186,-1,-1,-1,-1
207,11,373,361,79,168,-1,-1,-1,-1
208,11,378,353,90,180,-1,-1,-1,-1
209,11,389,352,90,180,-1,-1,-1,-1
210,11,401,351,107,202,-1,-1,-1,-1
211,11,419,355,94,195,-1,-1,-1,-1
212,11,432,356,93,193,-1,-1,-1,-1
213,11,447,349,91,217,-1,-1,-1,-1
214,11,462,355,85,200,-1,-1,-1,-1
215,11,473,341,85,240,-1,-1,-1,-1
216,11,484,345,80,239,-1,-1,-1,-1
217,11,493,351,73,233,-1,-1,-1,-1
218,11,498,358,83,226,-1,-1,-1,-1
219,11,508,359,81,228,-1,-1,-1,-1
220,11,519,359,80,233,-1,-1,-1,-1
221,11,528,363,79,232,-1,-1,-1,-1
222,11,538,366,79,230,-1,-1,-1,-1
223,11,547,369,81,230,-1,-1,-1,-1
224,11,557,372,80,230,-1,-1,-1,-1
225,11,567,373,80,231,-1,-1,-1,-1
162,12,223,816,324,262,-1,-1,-1,-1
163,12,254,828,320,247,-1,-1,-1,-1
164,12,280,822,328,265,-1,-1,-1,-1
165,12,310,826,325,263,-1,-1,-1,-1
166,12,340,830,325,260,-1,-1,-1,-1
167,12,371,833,324,260,-1,-1,-1,-1
168,12,401,836,324,259,-1,-1,-1,-1
166,13,452,85,486,949,-1,-1,-1,-1
167,13,461,68,499,1000,-1,-1,-1,-1
168,13,508,82,462,979,-1,-1,-1,-1
169,13,520,80,491,992,-1,-1,-1,-1
170,13,572,72,452,1007,-1,-1,-1,-1
174,13,673,80,474,994,-1,-1,-1,-1
175,13,702,80,471,994,-1,-1,-1,-1
176,13,729,81,474,991,-1,-1,-1,-1
168,14,464,873,268,205,-1,-1,-1,-1
169,14,486,855,293,235,-1,-1,-1,-1
170,14,523,860,291,234,-1,-1,-1,-1
171,14,560,866,288,231,-1,-1,-1,-1
172,14,597,872,286,228,-1,-1,-1,-1
173,14,633,876,285,227,-1,-1,-1,-1
174,14,667,879,289,231,-1,-1,-1,-1
175,14,704,884,288,230,-1,-1,-1,-1
176,14,740,888,287,229,-1,-1,-1,-1
173,15,697,876,236,202,-1,-1,-1,-1
174,15,738,882,239,198,-1,-1,-1,-1
175,15,782,882,238,197,-1,-1,-1,-1
176,15,828,883,234,197,-1,-1,-1,-1
177,15,870,883,236,197,-1,-1,-1,-1
178,15,913,884,237,198,-1,-1,-1,-1
179,15,956,884,237,197,-1,-1,-1,-1
180,15,1001,885,236,197,-1,-1,-1,-1
181,15,1044,885,236,197,-1,-1,-1,-1
175,16,779,62,525,1005,-1,-1,-1,-1
177,16,839,45,577,1013,-1,-1,-1,-1
178,16,888,14,562,1061,-1,-1,-1,-1
179,16,946,35,534,1009,-1,-1,-1,-1
180,16,987,26,528,1043,-1,-1,-1,-1
181,16,1017,36,545,1034,-1,-1,-1,-1
182,16,1083,35,484,1030,-1,-1,-1,-1
183,16,1120,17,457,1061,-1,-1,-1,-1
184,16,1182,48,388,990,-1,-1,-1,-1
185,16,1239,33,327,1002,-1,-1,-1,-1
186,16,1215,18,440,1023,-1,-1,-1,-1
187,16,1256,15,419,1021,-1,-1,-1,-1
188,16,1295,12,406,1019,-1,-1,-1,-1
189,16,1332,12,396,1011,-1,-1,-1,-1
190,16,1362,6,398,1015,-1,-1,-1,-1
177,17,10,386,74,186,-1,-1,-1,-1
178,17,10,384,88,188,-1,-1,-1,-1
179,17,16,384,91,188,-1,-1,-1,-1
180,17,29,383,82,190,-1,-1,-1,-1
181,17,35,387,84,181,-1,-1,-1,-1
182,17,41,384,94,187,-1,-1,-1,-1
183,17,53,383,88,191,-1,-1,-1,-1
184,17,62,382,89,197,-1,-1,-1,-1
185,17,67,384,98,197,-1,-1,-1,-1
186,17,77,384,93,197,-1,-1,-1,-1
187,17,86,385,97,198,-1,-1,-1,-1
188,17,97,379,94,211,-1,-1,-1,-1
189,17,103,380,98,211,-1,-1,-1,-1
190,17,115,384,93,203,-1,-1,-1,-1
191,17,119,378,106,218,-1,-1,-1,-1
192,17,130,377,102,217,-1,-1,-1,-1
193,17,140,378,100,209,-1,-1,-1,-1
194,17,150,380,95,209,-1,-1,-1,-1
195,17,155,378,107,213,-1,-1,-1,-1
196,17,170,380,97,208,-1,-1,-1,-1
197,17,180,377,95,213,-1,-1,-1,-1
198,17,188,373,101,222,-1,-1,-1,-1
199,17,199,374,97,215,-1,-1,-1,-1
200,17,208,373,102,212,-1,-1,-1,-1
201,17,220,364,100,224,-1,-1,-1,-1
202,17,231,366,98,214,-1,-1,-1,-1
203,17,239,360,104,222,-1,-1,-1,-1
204,17,255,359,93,221,-1,-1,-1,-1
205,17,264,358,100,225,-1,-1,-1,-1
206,17,278,360,96,221,-1,-1,-1,-1
207,17,295,357,82,222,-1,-1,-1,-1
208,17,300,361,98,221,-1,-1,-1,-1
209,17,312,360,99,226,-1,-1,-1,-1
210,17,322,359,104,229,-1,-1,-1,-1
211,17,335,360,102,233,-1,-1,-1,-1
212,17,344,362,100,230,-1,-1,-1,-1
213,17,344,366,124,218,-1,-1,-1,-1
214,17,369,361,111,227,-1,-1,-1,-1
215,17,387,356,104,236,-1,-1,-1,-1
216,17,408,363,80,211,-1,-1,-1,-1
217,17,411,362,95,217,-1,-1,-1,-1
218,17,429,354,103,238,-1,-1,-1,-1
219,17,440,356,114,234,-1,-1,-1,-1
220,17,459,352,99,241,-1,-1,-1,-1
221,17,474,351,91,243,-1,-1,-1,-1
222,17,494,355,68,231,-1,-1,-1,-1
223,17,502,350,66,241,-1,-1,-1,-1
224,17,501,352,88,238,-1,-1,-1,-1
225,17,514,350,83,239,-1,-1,-1,-1
226,17,526,351,79,238,-1,-1,-1,-1
227,17,538,351,77,237,-1,-1,-1,-1
228,17,547,349,79,239,-1,-1,-1,-1
229,17,556,350,81,238,-1,-1,-1,-1
230,17,568,350,80,238,-1,-1,-1,-1
231,17,578,349,79,238,-1,-1,-1,-1
232,17,589,349,79,238,-1,-1,-1,-1
187,18,480,391,84,192,-1,-1,-1,-1
188,18,472,391,89,198,-1,-1,-1,-1
189,18,468,393,89,197,-1,-1,-1,-1
190,18,465,391,83,201,-1,-1,-1,-1
191,18,465,392,71,196,-1,-1,-1,-1
192,18,459,388,73,198,-1,-1,-1,-1
193,18,452,383,78,201,-1,-1,-1,-1
194,18,443,376,82,210,-1,-1,-1,-1
195,18,440,381,73,199,-1,-1,-1,-1
196,18,435,383,69,198,-1,-1,-1,-1
197,18,421,387,85,193,-1,-1,-1,-1
198,18,412,388,95,197,-1,-1,-1,-1
199,18,410,394,92,183,-1,-1,-1,-1
200,18,406,392,89,181,-1,-1,-1,-1
201,18,403,387,86,190,-1,-1,-1,-1
202,18,396,387,89,189,-1,-1,-1,-1
203,18,391,387,90,188,-1,-1,-1,-1
204,18,386,387,90,186,-1,-1,-1,-1
205,18,381,386,89,187,-1,-1,-1,-1
206,18,376,385,89,188,-1,-1,-1,-1
207,18,371,385,89,188,-1,-1,-1,-1
208,18,366,384,89,187,-1,-1,-1,-1
209,18,360,384,89,187,-1,-1,-1,-1
215,18,321,388,64,190,-1,-1,-1,-1
216,18,313,388,72,194,-1,-1,-1,-1
217,18,305,389,82,195,-1,-1,-1,-1
218,18,300,390,77,197,-1,-1,-1,-1
219,18,295,390,77,198,-1,-1,-1,-1
220,18,293,391,72,193,-1,-1,-1,-1
221,18,287,391,72,195,-1,-1,-1,-1
222,18,280,398,78,184,-1,-1,-1,-1
223,18,269,397,87,188,-1,-1,-1,-1
224,18,257,398,101,187,-1,-1,-1,-1
225,18,248,399,110,187,-1,-1,-1,-1
226,18,243,401,112,185,-1,-1,-1,-1
227,18,243,398,103,191,-1,-1,-1,-1
228,18,237,392,101,200,-1,-1,-1,-1
229,18,241,393,76,196,-1,-1,-1,-1
230,18,236,390,70,198,-1,-1,-1,-1
231,18,232,391,66,191,-1,-1,-1,-1
232,18,227,391,68,191,-1,-1,-1,-1
233,18,220,388,73,193,-1,-1,-1,-1
234,18,213,388,78,194,-1,-1,-1,-1
235,18,208,387,76,197,-1,-1,-1,-1
236,18,203,389,77,193,-1,-1,-1,-1
237,18,197,392,82,187,-1,-1,-1,-1
238,18,193,395,83,185,-1,-1,-1,-1
239,18,187,399,87,184,-1,-1,-1,-1
240,18,184,399,83,186,-1,-1,-1,-1
241,18,182,396,75,191,-1,-1,-1,-1
242,18,178,393,72,191,-1,-1,-1,-1
243,18,174,391,69,191,-1,-1,-1,-1
244,18,169,391,71,189,-1,-1,-1,-1
245,18,165,392,74,186,-1,-1,-1,-1
246,18,156,390,81,190,-1,-1,-1,-1
247,18,151,390,82,187,-1,-1,-1,-1
248,18,144,389,83,191,-1,-1,-1,-1
249,18,136,396,96,184,-1,-1,-1,-1
250,18,132,393,95,190,-1,-1,-1,-1
251,18,129,396,96,185,-1,-1,-1,-1
252,18,123,399,101,183,-1,-1,-1,-1
253,18,122,398,93,188,-1,-1,-1,-1
254,18,122,398,81,185,-1,-1,-1,-1
255,18,118,400,76,181,-1,-1,-1,-1
256,18,115,395,71,189,-1,-1,-1,-1
257,18,110,397,71,183,-1,-1,-1,-1
258,18,102,396,78,184,-1,-1,-1,-1
259,18,97,393,78,187,-1,-1,-1,-1
260,18,93,396,75,182,-1,-1,-1,-1
261,18,89,397,75,181,-1,-1,-1,-1
262,18,83,404,81,169,-1,-1,-1,-1
263,18,80,405,81,169,-1,-1,-1,-1
264,18,79,406,80,170,-1,-1,-1,-1
265,18,74,403,82,175,-1,-1,-1,-1
266,18,69,403,83,177,-1,-1,-1,-1
267,18,68,403,78,177,-1,-1,-1,-1
268,18,63,405,78,173,-1,-1,-1,-1
269,18,61,407,74,168,-1,-1,-1,-1
270,18,60,410,67,162,-1,-1,-1,-1
271,18,56,406,70,168,-1,-1,-1,-1
272,18,51,408,73,164,-1,-1,-1,-1
273,18,43,405,80,171,-1,-1,-1,-1
274,18,36,404,83,174,-1,-1,-1,-1
275,18,30,407,87,170,-1,-1,-1,-1
276,18,24,407,91,172,-1,-1,-1,-1
277,18,20,415,94,160,-1,-1,-1,-1
278,18,21,413,88,163,-1,-1,-1,-1
279,18,20,413,83,164,-1,-1,-1,-1
280,18,17,409,79,168,-1,-1,-1,-1
281,18,12,404,81,174,-1,-1,-1,-1
282,18,7,401,81,177,-1,-1,-1,-1
283,18,6,398,75,182,-1,-1,-1,-1
284,18,6,397,70,182,-1,-1,-1,-1
285,18,2,401,70,175,-1,-1,-1,-1
286,18,1,404,67,169,-1,-1,-1,-1
287,18,0,407,66,165,-1,-1,-1,-1
288,18,0,408,64,167,-1,-1,-1,-1
289,18,-1,411,65,166,-1,-1,-1,-1
290,18,-1,411,64,167,-1,-1,-1,-1
291,18,0,414,60,162,-1,-1,-1,-1
292,18,0,415,56,160,-1,-1,-1,-1
293,18,0,413,53,163,-1,-1,-1,-1
294,18,-1,413,53,163,-1,-1,-1,-1
295,18,2,416,42,154,-1,-1,-1,-1
296,18,1,413,37,158,-1,-1,-1,-1
297,18,-5,411,48,160,-1,-1,-1,-1
298,18,-7,411,47,160,-1,-1,-1,-1
299,18,-8,410,46,159,-1,-1,-1,-1
300,18,-9,410,44,158,-1,-1,-1,-1
301,18,-11,409,44,159,-1,-1,-1,-1
302,18,-14,408,46,159,-1,-1,-1,-1
303,18,-16,408,45,159,-1,-1,-1,-1
304,18,-18,407,45,159,-1,-1,-1,-1
305,18,-20,406,45,159,-1,-1,-1,-1
200,19,487,365,76,213,-1,-1,-1,-1
201,19,477,373,86,206,-1,-1,-1,-1
202,19,471,377,89,200,-1,-1,-1,-1
203,19,470,384,81,186,-1,-1,-1,-1
204,19,467,386,84,182,-1,-1,-1,-1
205,19,460,383,84,184,-1,-1,-1,-1
206,19,452,391,79,154,-1,-1,-1,-1
207,19,444,375,84,181,-1,-1,-1,-1
208,19,439,375,82,178,-1,-1,-1,-1
209,19,404,362,114,196,-1,-1,-1,-1
210,19,407,367,89,179,-1,-1,-1,-1
211,19,398,365,90,178,-1,-1,-1,-1
212,19,388,361,92,182,-1,-1,-1,-1
213,19,378,357,93,183,-1,-1,-1,-1
214,19,369,355,95,184,-1,-1,-1,-1
223,19,358,382,75,199,-1,-1,-1,-1
224,19,355,383,77,198,-1,-1,-1,-1
225,19,348,385,80,194,-1,-1,-1,-1
226,19,344,383,78,198,-1,-1,-1,-1
227,19,337,382,79,200,-1,-1,-1,-1
228,19,327,383,90,199,-1,-1,-1,-1
229,19,317,387,98,196,-1,-1,-1,-1
230,19,306,388,108,195,-1,-1,-1,-1
231,19,300,391,111,190,-1,-1,-1,-1
232,19,302,391,102,192,-1,-1,-1,-1
233,19,292,395,113,184,-1,-1,-1,-1
234,19,295,393,96,187,-1,-1,-1,-1
235,19,290,390,94,189,-1,-1,-1,-1
236,19,285,389,94,190,-1,-1,-1,-1
237,19,284,389,86,188,-1,-1,-1,-1
238,19,281,384,77,194,-1,-1,-1,-1
239,19,274,385,80,189,-1,-1,-1,-1
240,19,266,384,81,189,-1,-1,-1,-1
241,19,261,383,80,192,-1,-1,-1,-1
242,19,257,384,78,189,-1,-1,-1,-1
243,19,254,386,76,186,-1,-1,-1,-1
244,19,244,386,87,192,-1,-1,-1,-1
245,19,241,388,85,190,-1,-1,-1,-1
246,19,235,391,90,185,-1,-1,-1,-1
247,19,233,394,86,182,-1,-1,-1,-1
248,19,229,391,84,185,-1,-1,-1,-1
249,19,229,392,73,183,-1,-1,-1,-1
250,19,227,392,67,181,-1,-1,-1,-1
251,19,219,389,72,183,-1,-1,-1,-1
252,19,216,387,69,180,-1,-1,-1,-1
253,19,207,386,77,180,-1,-1,-1,-1
254,19,203,385,75,183,-1,-1,-1,-1
255,19,199,383,78,189,-1,-1,-1,-1
256,19,197,386,77,189,-1,-1,-1,-1
257,19,186,388,90,187,-1,-1,-1,-1
258,19,180,389,93,187,-1,-1,-1,-1
259,19,176,392,93,183,-1,-1,-1,-1
260,19,171,393,95,183,-1,-1,-1,-1
261,19,169,394,93,184,-1,-1,-1,-1
262,19,165,395,94,180,-1,-1,-1,-1
263,19,165,395,87,177,-1,-1,-1,-1
264,19,159,395,86,176,-1,-1,-1,-1
265,19,153,392,86,179,-1,-1,-1,-1
266,19,149,389,81,183,-1,-1,-1,-1
267,19,147,389,74,181,-1,-1,-1,-1
268,19,139,390,80,181,-1,-1,-1,-1
269,19,137,389,75,184,-1,-1,-1,-1
270,19,134,391,76,181,-1,-1,-1,-1
271,19,130,392,77,181,-1,-1,-1,-1
272,19,123,397,85,174,-1,-1,-1,-1
273,19,122,396,80,176,-1,-1,-1,-1
274,19,120,395,78,177,-1,-1,-1,-1
275,19,117,393,77,179,-1,-1,-1,-1
276,19,117,394,74,177,-1,-1,-1,-1
277,19,113,400,73,167,-1,-1,-1,-1
278,19,113,399,68,169,-1,-1,-1,-1
279,19,109,399,68,166,-1,-1,-1,-1
280,19,101,395,76,174,-1,-1,-1,-1
281,19,98,396,76,174,-1,-1,-1,-1
282,19,94,397,77,175,-1,-1,-1,-1
283,19,93,398,75,173,-1,-1,-1,-1
284,19,87,399,82,174,-1,-1,-1,-1
285,19,85,402,84,170,-1,-1,-1,-1
286,19,83,403,84,170,-1,-1,-1,-1
287,19,80,407,85,164,-1,-1,-1,-1
288,19,77,405,84,168,-1,-1,-1,-1
289,19,70,408,90,162,-1,-1,-1,-1
290,19,73,405,75,163,-1,-1,-1,-1
291,19,71,403,75,166,-1,-1,-1,-1
292,19,70,401,74,165,-1,-1,-1,-1
293,19,67,400,73,168,-1,-1,-1,-1
294,19,65,399,72,168,-1,-1,-1,-1
295,19,61,403,76,164,-1,-1,-1,-1
296,19,57,403,77,166,-1,-1,-1,-1
297,19,51,407,83,160,-1,-1,-1,-1
298,19,49,409,81,157,-1,-1,-1,-1
299,19,46,409,83,158,-1,-1,-1,-1
300,19,43,409,81,156,-1,-1,-1,-1
301,19,41,405,79,161,-1,-1,-1,-1
302,19,39,410,77,153,-1,-1,-1,-1
303,19,36,407,77,159,-1,-1,-1,-1
304,19,32,410,80,155,-1,-1,-1,-1
305,19,31,403,72,163,-1,-1,-1,-1
306,19,27,400,72,165,-1,-1,-1,-1
307,19,23,398,73,168,-1,-1,-1,-1
308,19,19,401,76,164,-1,-1,-1,-1
309,19,15,399,78,168,-1,-1,-1,-1
310,19,7,400,88,166,-1,-1,-1,-1
311,19,7,402,84,161,-1,-1,-1,-1
312,19,4,406,86,157,-1,-1,-1,-1
313,19,2,413,85,149,-1,-1,-1,-1
314,19,2,415,79,149,-1,-1,-1,-1
315,19,0,414,79,153,-1,-1,-1,-1
316,19,2,414,71,154,-1,-1,-1,-1
317,19,3,412,63,156,-1,-1,-1,-1
318,19,4,409,58,159,-1,-1,-1,-1
319,19,1,408,58,160,-1,-1,-1,-1
320,19,0,409,59,157,-1,-1,-1,-1
321,19,0,413,56,151,-1,-1,-1,-1
322,19,-1,415,55,149,-1,-1,-1,-1
323,19,-2,419,55,143,-1,-1,-1,-1
324,19,-1,415,51,148,-1,-1,-1,-1
325,19,1,424,45,132,-1,-1,-1,-1
326,19,-1,422,49,135,-1,-1,-1,-1
327,19,0,424,43,131,-1,-1,-1,-1
328,19,0,422,40,132,-1,-1,-1,-1
329,19,-3,420,45,136,-1,-1,-1,-1
330,19,-3,421,44,133,-1,-1,-1,-1
331,19,-4,420,44,133,-1,-1,-1,-1
332,19,-6,420,43,133,-1,-1,-1,-1
333,19,-7,420,43,134,-1,-1,-1,-1
334,19,-8,419,44,134,-1,-1,-1,-1
335,19,-9,419,44,133,-1,-1,-1,-1
336,19,-10,419,44,133,-1,-1,-1,-1
337,19,-12,418,44,133,-1,-1,-1,-1
246,20,884,331,126,253,-1,-1,-1,-1
247,20,884,336,138,241,-1,-1,-1,-1
248,20,894,332,138,250,-1,-1,-1,-1
249,20,906,327,138,257,-1,-1,-1,-1
250,20,921,329,131,254,-1,-1,-1,-1
251,20,936,327,124,258,-1,-1,-1,-1
252,20,948,329,122,251,-1,-1,-1,-1
253,20,964,330,100,251,-1,-1,-1,-1
254,20,973,328,92,259,-1,-1,-1,-1
255,20,985,330,81,256,-1,-1,-1,-1
256,20,982,330,104,255,-1,-1,-1,-1
257,20,992,332,100,254,-1,-1,-1,-1
262,21,1468,351,90,234,-1,-1,-1,-1
263,21,1466,352,90,233,-1,-1,-1,-1
264,21,1460,348,97,244,-1,-1,-1,-1
265,21,1457,352,100,235,-1,-1,-1,-1
266,21,1455,352,94,236,-1,-1,-1,-1
267,21,1451,354,90,229,-1,-1,-1,-1
268,21,1443,354,90,230,-1,-1,-1,-1
269,21,1439,354,86,227,-1,-1,-1,-1
270,21,1438,366,71,175,-1,-1,-1,-1
271,21,1420,362,82,162,-1,-1,-1,-1
272,21,1411,335,84,205,-1,-1,-1,-1
273,21,1403,331,83,200,-1,-1,-1,-1
274,21,1397,328,81,194,-1,-1,-1,-1
275,21,1390,325,80,187,-1,-1,-1,-1
276,21,1381,318,82,189,-1,-1,-1,-1
277,21,1373,309,82,195,-1,-1,-1,-1
278,21,1365,304,82,193,-1,-1,-1,-1
279,21,1357,299,81,191,-1,-1,-1,-1
282,21,1327,352,83,203,-1,-1,-1,-1
283,21,1312,349,93,227,-1,-1,-1,-1
284,21,1296,356,110,228,-1,-1,-1,-1
285,21,1274,360,135,236,-1,-1,-1,-1
286,21,1266,365,136,232,-1,-1,-1,-1
287,21,1260,367,138,231,-1,-1,-1,-1
288,21,1257,371,136,223,-1,-1,-1,-1
289,21,1257,366,125,232,-1,-1,-1,-1
290,21,1255,361,116,238,-1,-1,-1,-1
291,21,1255,361,99,232,-1,-1,-1,-1
292,21,1253,360,87,231,-1,-1,-1,-1
293,21,1247,358,84,233,-1,-1,-1,-1
294,21,1237,354,86,237,-1,-1,-1,-1
295,21,1227,351,90,240,-1,-1,-1,-1
296,21,1215,357,100,230,-1,-1,-1,-1
297,21,1191,353,127,237,-1,-1,-1,-1
298,21,1174,357,139,231,-1,-1,-1,-1
299,21,1165,376,144,202,-1,-1,-1,-1
300,21,1159,366,145,223,-1,-1,-1,-1
301,21,1156,372,144,218,-1,-1,-1,-1
302,21,1154,367,139,225,-1,-1,-1,-1
303,21,1161,375,115,213,-1,-1,-1,-1
304,21,1162,374,98,217,-1,-1,-1,-1
305,21,1157,374,88,216,-1,-1,-1,-1
306,21,1151,364,82,230,-1,-1,-1,-1
307,21,1144,361,79,230,-1,-1,-1,-1
308,21,1135,359,81,232,-1,-1,-1,-1
309,21,1127,359,81,230,-1,-1,-1,-1
310,21,1117,362,92,224,-1,-1,-1,-1
311,21,1112,365,94,221,-1,-1,-1,-1
312,21,1107,370,99,216,-1,-1,-1,-1
313,21,1106,372,96,212,-1,-1,-1,-1
314,21,1103,372,98,211,-1,-1,-1,-1
315,21,1099,372,95,212,-1,-1,-1,-1
316,21,1095,371,96,214,-1,-1,-1,-1
317,21,1090,371,97,213,-1,-1,-1,-1
318,21,1087,372,96,212,-1,-1,-1,-1
319,21,1082,371,96,213,-1,-1,-1,-1
330,21,969,374,77,212,-1,-1,-1,-1
331,21,959,367,89,221,-1,-1,-1,-1
332,21,957,367,82,222,-1,-1,-1,-1
333,21,953,365,76,221,-1,-1,-1,-1
334,21,944,363,79,226,-1,-1,-1,-1
335,21,932,368,91,218,-1,-1,-1,-1
336,21,915,374,109,210,-1,-1,-1,-1
337,21,902,377,119,205,-1,-1,-1,-1
338,21,894,375,123,211,-1,-1,-1,-1
339,21,888,375,123,211,-1,-1,-1,-1
340,21,885,380,119,207,-1,-1,-1,-1
341,21,880,377,118,213,-1,-1,-1,-1
342,21,882,375,97,213,-1,-1,-1,-1
343,21,880,373,86,212,-1,-1,-1,-1
344,21,877,371,76,216,-1,-1,-1,-1
345,21,869,367,77,219,-1,-1,-1,-1
346,21,865,368,73,218,-1,-1,-1,-1
347,21,864,368,68,218,-1,-1,-1,-1
348,21,864,394,63,179,-1,-1,-1,-1
262,22,1117,313,147,261,-1,-1,-1,-1
263,22,1133,317,137,264,-1,-1,-1,-1
264,22,1136,318,151,266,-1,-1,-1,-1
265,22,1153,317,145,271,-1,-1,-1,-1
266,22,1165,315,153,275,-1,-1,-1,-1
267,22,1190,316,142,274,-1,-1,-1,-1
268,22,1208,319,136,270,-1,-1,-1,-1
269,22,1228,317,139,271,-1,-1,-1,-1
270,22,1241,316,144,276,-1,-1,-1,-1
271,22,1262,316,97,276,-1,-1,-1,-1
272,22,1259,313,142,283,-1,-1,-1,-1
273,22,1275,314,143,282,-1,-1,-1,-1
274,22,1295,317,133,277,-1,-1,-1,-1
275,22,1311,310,150,280,-1,-1,-1,-1
276,22,1323,309,159,273,-1,-1,-1,-1
277,22,1342,310,161,270,-1,-1,-1,-1
278,22,1365,303,169,273,-1,-1,-1,-1
279,22,1379,301,164,281,-1,-1,-1,-1
280,22,1394,305,158,270,-1,-1,-1,-1
281,22,1422,301,131,280,-1,-1,-1,-1
282,22,1426,298,140,286,-1,-1,-1,-1
283,22,1439,302,127,281,-1,-1,-1,-1
284,22,1454,299,112,296,-1,-1,-1,-1
285,22,1465,310,100,275,-1,-1,-1,-1
286,22,1485,334,75,203,-1,-1,-1,-1
287,22,1497,320,64,214,-1,-1,-1,-1
288,22,1489,296,96,254,-1,-1,-1,-1
289,22,1500,295,89,248,-1,-1,-1,-1
290,22,1510,295,85,239,-1,-1,-1,-1
291,22,1520,294,82,232,-1,-1,-1,-1
405,23,493,402,66,187,-1,-1,-1,-1
406,23,488,411,72,173,-1,-1,-1,-1
407,23,486,404,69,185,-1,-1,-1,-1
408,23,481,396,72,196,-1,-1,-1,-1
409,23,477,391,74,200,-1,-1,-1,-1
410,23,473,388,72,201,-1,-1,-1,-1
411,23,466,386,76,206,-1,-1,-1,-1
412,23,451,397,96,185,-1,-1,-1,-1
413,23,443,406,103,176,-1,-1,-1,-1
414,23,435,404,110,181,-1,-1,-1,-1
415,23,434,398,101,192,-1,-1,-1,-1
416,23,430,397,98,193,-1,-1,-1,-1
417,23,423,399,99,190,-1,-1,-1,-1
418,23,423,402,86,186,-1,-1,-1,-1
419,23,419,397,80,191,-1,-1,-1,-1
420,23,415,390,76,202,-1,-1,-1,-1
421,23,409,389,73,202,-1,-1,-1,-1
422,23,404,389,72,201,-1,-1,-1,-1
423,23,398,391,74,198,-1,-1,-1,-1
424,23,392,392,78,198,-1,-1,-1,-1
425,23,385,396,84,191,-1,-1,-1,-1
426,23,378,390,91,202,-1,-1,-1,-1
427,23,373,394,94,196,-1,-1,-1,-1
428,23,368,402,98,185,-1,-1,-1,-1
429,23,365,403,96,185,-1,-1,-1,-1
430,23,362,396,93,195,-1,-1,-1,-1
431,23,363,393,83,197,-1,-1,-1,-1
432,23,358,390,83,198,-1,-1,-1,-1
433,23,355,397,78,184,-1,-1,-1,-1
434,23,352,396,73,186,-1,-1,-1,-1
435,23,351,391,65,195,-1,-1,-1,-1
436,23,345,387,67,201,-1,-1,-1,-1
437,23,342,392,67,194,-1,-1,-1,-1
438,23,331,395,79,190,-1,-1,-1,-1
439,23,323,394,85,191,-1,-1,-1,-1
440,23,315,396,94,189,-1,-1,-1,-1
441,23,308,399,101,186,-1,-1,-1,-1
442,23,304,400,101,185,-1,-1,-1,-1
443,23,303,404,100,182,-1,-1,-1,-1
444,23,301,403,93,185,-1,-1,-1,-1
445,23,305,408,76,178,-1,-1,-1,-1
446,23,300,406,75,181,-1,-1,-1,-1
447,23,296,407,72,181,-1,-1,-1,-1
448,23,292,408,67,179,-1,-1,-1,-1
449,23,285,413,72,171,-1,-1,-1,-1
450,23,280,408,74,180,-1,-1,-1,-1
451,23,272,407,82,181,-1,-1,-1,-1
452,23,264,409,91,178,-1,-1,-1,-1
453,23,263,411,89,173,-1,-1,-1,-1
454,23,259,411,92,174,-1,-1,-1,-1
455,23,257,409,88,176,-1,-1,-1,-1
456,23,256,411,84,173,-1,-1,-1,-1
457,23,253,408,82,176,-1,-1,-1,-1
458,23,249,405,79,180,-1,-1,-1,-1
459,23,248,403,74,181,-1,-1,-1,-1
460,23,243,404,76,177,-1,-1,-1,-1
461,23,241,401,72,182,-1,-1,-1,-1
462,23,239,401,68,180,-1,-1,-1,-1
463,23,234,401,70,182,-1,-1,-1,-1
464,23,228,403,75,178,-1,-1,-1,-1
465,23,219,404,88,178,-1,-1,-1,-1
466,23,217,405,86,178,-1,-1,-1,-1
467,23,212,409,87,174,-1,-1,-1,-1
468,23,214,403,77,183,-1,-1,-1,-1
469,23,210,407,79,178,-1,-1,-1,-1
470,23,206,405,77,179,-1,-1,-1,-1
471,23,207,410,68,172,-1,-1,-1,-1
472,23,206,411,62,170,-1,-1,-1,-1
473,23,201,407,64,175,-1,-1,-1,-1
474,23,195,408,67,170,-1,-1,-1,-1
475,23,189,406,73,172,-1,-1,-1,-1
476,23,183,406,80,171,-1,-1,-1,-1
477,23,182,407,76,173,-1,-1,-1,-1
478,23,179,413,75,162,-1,-1,-1,-1
479,23,176,410,74,169,-1,-1,-1,-1
480,23,173,411,76,170,-1,-1,-1,-1
481,23,170,411,77,170,-1,-1,-1,-1
482,23,169,409,75,172,-1,-1,-1,-1
483,23,166,406,76,175,-1,-1,-1,-1
484,23,165,406,72,173,-1,-1,-1,-1
485,23,161,405,74,174,-1,-1,-1,-1
486,23,158,405,71,172,-1,-1,-1,-1
487,23,157,405,68,174,-1,-1,-1,-1
488,23,152,404,72,176,-1,-1,-1,-1
489,23,149,406,70,175,-1,-1,-1,-1
490,23,141,410,82,168,-1,-1,-1,-1
491,23,136,411,86,166,-1,-1,-1,-1
492,23,135,414,81,161,-1,-1,-1,-1
493,23,133,413,77,166,-1,-1,-1,-1
494,23,133,414,72,165,-1,-1,-1,-1
495,23,128,414,73,164,-1,-1,-1,-1
496,23,125,410,72,170,-1,-1,-1,-1
497,23,123,414,65,164,-1,-1,-1,-1
498,23,119,413,66,165,-1,-1,-1,-1
499,23,117,413,63,164,-1,-1,-1,-1
500,23,114,412,63,164,-1,-1,-1,-1
501,23,110,412,66,164,-1,-1,-1,-1
502,23,104,412,71,164,-1,-1,-1,-1
503,23,102,415,71,161,-1,-1,-1,-1
504,23,100,414,73,164,-1,-1,-1,-1
505,23,95,417,80,160,-1,-1,-1,-1
506,23,95,416,76,162,-1,-1,-1,-1
507,23,92,415,76,163,-1,-1,-1,-1
508,23,91,414,72,165,-1,-1,-1,-1
509,23,88,413,72,166,-1,-1,-1,-1
510,23,86,412,70,165,-1,-1,-1,-1
511,23,85,412,65,163,-1,-1,-1,-1
512,23,84,410,61,166,-1,-1,-1,-1
513,23,80,411,64,164,-1,-1,-1,-1
514,23,76,410,66,164,-1,-1,-1,-1
515,23,71,412,70,159,-1,-1,-1,-1
516,23,66,413,74,159,-1,-1,-1,-1
517,23,60,414,79,160,-1,-1,-1,-1
518,23,56,418,81,155,-1,-1,-1,-1
519,23,54,419,82,156,-1,-1,-1,-1
520,23,52,418,82,157,-1,-1,-1,-1
521,23,57,416,68,161,-1,-1,-1,-1
522,23,52,412,69,167,-1,-1,-1,-1
523,23,48,414,69,162,-1,-1,-1,-1
524,23,40,412,76,163,-1,-1,-1,-1
525,23,35,412,77,163,-1,-1,-1,-1
526,23,31,411,78,163,-1,-1,-1,-1
527,23,29,410,75,165,-1,-1,-1,-1
528,23,28,414,73,157,-1,-1,-1,-1
529,23,25,416,75,155,-1,-1,-1,-1
530,23,23,415,76,159,-1,-1,-1,-1
531,23,23,416,74,157,-1,-1,-1,-1
532,23,24,417,70,157,-1,-1,-1,-1
533,23,22,419,70,153,-1,-1,-1,-1
534,23,20,418,70,153,-1,-1,-1,-1
535,23,19,415,67,159,-1,-1,-1,-1
536,23,13,412,71,163,-1,-1,-1,-1
537,23,13,410,66,166,-1,-1,-1,-1
538,23,10,410,63,164,-1,-1,-1,-1
539,23,9,411,60,162,-1,-1,-1,-1
540,23,7,414,59,156,-1,-1,-1,-1
541,23,5,411,62,162,-1,-1,-1,-1
542,23,5,415,60,155,-1,-1,-1,-1
543,23,3,417,59,156,-1,-1,-1,-1
544,23,3,419,58,154,-1,-1,-1,-1
545,23,4,419,53,155,-1,-1,-1,-1
546,23,3,419,52,155,-1,-1,-1,-1
547,23,1,422,51,151,-1,-1,-1,-1
548,23,0,422,48,152,-1,-1,-1,-1
549,23,0,422,44,151,-1,-1,-1,-1
550,23,0,426,43,143,-1,-1,-1,-1
551,23,0,424,42,148,-1,-1,-1,-1
552,23,-1,426,44,145,-1,-1,-1,-1
553,23,-2,432,45,135,-1,-1,-1,-1
554,23,-2,429,44,144,-1,-1,-1,-1
555,23,-2,429,44,143,-1,-1,-1,-1
556,23,0,439,39,128,-1,-1,-1,-1
557,23,-1,436,41,132,-1,-1,-1,-1
558,23,2,439,30,125,-1,-1,-1,-1
559,23,-3,435,39,134,-1,-1,-1,-1
560,23,-4,437,39,132,-1,-1,-1,-1
561,23,-3,438,38,130,-1,-1,-1,-1
562,23,-4,437,37,131,-1,-1,-1,-1
563,23,-4,438,36,130,-1,-1,-1,-1
564,23,-6,438,38,132,-1,-1,-1,-1
565,23,-7,438,37,131,-1,-1,-1,-1
566,23,-7,438,37,131,-1,-1,-1,-1
638,24,0,391,49,185,-1,-1,-1,-1
639,24,1,389,48,190,-1,-1,-1,-1
640,24,1,385,47,195,-1,-1,-1,-1
641,24,1,385,47,193,-1,-1,-1,-1
642,24,0,383,52,201,-1,-1,-1,-1
643,24,0,384,54,201,-1,-1,-1,-1
644,24,0,386,57,197,-1,-1,-1,-1
645,24,-1,384,65,201,-1,-1,-1,-1
646,24,-3,384,75,200,-1,-1,-1,-1
647,24,0,386,75,196,-1,-1,-1,-1
648,24,0,383,78,199,-1,-1,-1,-1
649,24,0,383,80,200,-1,-1,-1,-1
650,24,0,382,83,201,-1,-1,-1,-1
651,24,1,379,84,206,-1,-1,-1,-1
652,24,3,381,82,204,-1,-1,-1,-1
653,24,1,378,89,207,-1,-1,-1,-1
654,24,2,373,92,217,-1,-1,-1,-1
655,24,3,372,93,218,-1,-1,-1,-1
656,24,5,372,96,217,-1,-1,-1,-1
657,24,5,371,97,217,-1,-1,-1,-1
658,24,8,372,95,217,-1,-1,-1,-1
659,24,9,370,95,221,-1,-1,-1,-1
660,24,12,373,92,219,-1,-1,-1,-1
661,24,12,373,92,220,-1,-1,-1,-1
662,24,14,374,91,220,-1,-1,-1,-1
663,24,16,374,89,220,-1,-1,-1,-1
664,24,19,374,85,221,-1,-1,-1,-1
665,24,20,373,86,221,-1,-1,-1,-1
666,24,21,372,84,221,-1,-1,-1,-1
667,24,23,374,82,218,-1,-1,-1,-1
668,24,23,368,81,227,-1,-1,-1,-1
669,24,23,367,83,229,-1,-1,-1,-1
670,24,25,369,84,226,-1,-1,-1,-1
671,24,25,368,87,227,-1,-1,-1,-1
672,24,28,370,90,224,-1,-1,-1,-1
673,24,33,372,87,221,-1,-1,-1,-1
674,24,41,370,82,227,-1,-1,-1,-1
675,24,43,373,83,224,-1,-1,-1,-1
676,24,47,372,84,223,-1,-1,-1,-1
677,24,53,371,79,225,-1,-1,-1,-1
678,24,52,373,89,220,-1,-1,-1,-1
679,24,55,372,91,219,-1,-1,-1,-1
680,24,56,374,97,215,-1,-1,-1,-1
681,24,63,375,91,216,-1,-1,-1,-1
682,24,63,370,97,226,-1,-1,-1,-1
683,24,65,371,97,226,-1,-1,-1,-1
684,24,68,371,97,226,-1,-1,-1,-1
685,24,66,367,101,234,-1,-1,-1,-1
686,24,70,369,98,229,-1,-1,-1,-1
687,24,76,369,92,230,-1,-1,-1,-1
688,24,83,369,84,229,-1,-1,-1,-1
689,24,84,367,83,234,-1,-1,-1,-1
690,24,84,367,85,232,-1,-1,-1,-1
691,24,83,366,91,233,-1,-1,-1,-1
692,24,86,367,90,231,-1,-1,-1,-1
693,24,89,370,87,227,-1,-1,-1,-1
694,24,95,369,83,230,-1,-1,-1,-1
695,24,97,369,86,227,-1,-1,-1,-1
696,24,102,369,82,225,-1,-1,-1,-1
697,24,105,366,82,229,-1,-1,-1,-1
698,24,106,364,84,230,-1,-1,-1,-1
699,24,109,365,84,227,-1,-1,-1,-1
700,24,111,364,84,230,-1,-1,-1,-1
701,24,111,364,85,232,-1,-1,-1,-1
702,24,113,362,85,237,-1,-1,-1,-1
703,24,115,370,86,223,-1,-1,-1,-1
704,24,116,364,87,231,-1,-1,-1,-1
705,24,121,363,83,231,-1,-1,-1,-1
706,24,124,366,86,228,-1,-1,-1,-1
707,24,129,367,82,225,-1,-1,-1,-1
708,24,129,365,87,229,-1,-1,-1,-1
709,24,134,366,86,227,-1,-1,-1,-1
710,24,140,367,80,229,-1,-1,-1,-1
711,24,140,365,84,232,-1,-1,-1,-1
712,24,140,363,87,235,-1,-1,-1,-1
713,24,143,368,85,228,-1,-1,-1,-1
714,24,144,364,89,236,-1,-1,-1,-1
715,24,145,368,96,228,-1,-1,-1,-1
716,24,145,365,102,231,-1,-1,-1,-1
717,24,145,363,109,233,-1,-1,-1,-1
718,24,149,361,107,235,-1,-1,-1,-1
719,24,153,361,107,235,-1,-1,-1,-1
720,24,158,363,103,233,-1,-1,-1,-1
721,24,165,366,97,229,-1,-1,-1,-1
722,24,169,363,94,236,-1,-1,-1,-1
723,24,173,364,91,234,-1,-1,-1,-1
724,24,176,362,92,237,-1,-1,-1,-1
725,24,178,363,91,237,-1,-1,-1,-1
726,24,182,364,89,235,-1,-1,-1,-1
727,24,186,362,85,237,-1,-1,-1,-1
728,24,191,363,82,236,-1,-1,-1,-1
729,24,195,361,78,240,-1,-1,-1,-1
730,24,196,363,82,238,-1,-1,-1,-1
731,24,197,364,83,236,-1,-1,-1,-1
732,24,198,363,83,240,-1,-1,-1,-1
733,24,200,363,83,239,-1,-1,-1,-1
734,24,200,361,83,241,-1,-1,-1,-1
735,24,200,361,86,240,-1,-1,-1,-1
736,24,199,360,89,242,-1,-1,-1,-1
737,24,200,361,92,241,-1,-1,-1,-1
738,24,200,363,99,241,-1,-1,-1,-1
739,24,203,362,100,246,-1,-1,-1,-1
740,24,214,363,88,245,-1,-1,-1,-1
741,24,219,364,86,244,-1,-1,-1,-1
742,24,224,364,82,244,-1,-1,-1,-1
743,24,226,363,81,246,-1,-1,-1,-1
744,24,229,362,79,247,-1,-1,-1,-1
745,24,229,364,79,243,-1,-1,-1,-1
746,24,230,362,79,245,-1,-1,-1,-1
747,24,231,363,79,242,-1,-1,-1,-1
748,24,232,362,81,241,-1,-1,-1,-1
749,24,236,359,81,243,-1,-1,-1,-1
750,24,238,356,84,248,-1,-1,-1,-1
751,24,240,355,85,250,-1,-1,-1,-1
752,24,246,365,86,230,-1,-1,-1,-1
753,24,247,363,107,236,-1,-1,-1,-1
754,24,254,358,103,249,-1,-1,-1,-1
755,24,257,359,100,250,-1,-1,-1,-1
756,24,259,358,95,250,-1,-1,-1,-1
757,24,265,357,87,250,-1,-1,-1,-1
758,24,267,356,85,249,-1,-1,-1,-1
759,24,270,356,86,249,-1,-1,-1,-1
760,24,275,356,86,250,-1,-1,-1,-1
761,24,279,356,84,251,-1,-1,-1,-1
762,24,281,356,87,251,-1,-1,-1,-1
763,24,281,354,91,258,-1,-1,-1,-1
764,24,281,354,99,255,-1,-1,-1,-1
765,24,282,355,103,253,-1,-1,-1,-1
766,24,285,355,104,252,-1,-1,-1,-1
767,24,286,355,107,249,-1,-1,-1,-1
768,24,291,352,100,254,-1,-1,-1,-1
769,24,287,352,116,255,-1,-1,-1,-1
770,24,290,355,114,252,-1,-1,-1,-1
771,24,297,357,104,251,-1,-1,-1,-1
772,24,297,358,113,250,-1,-1,-1,-1
773,24,304,353,104,257,-1,-1,-1,-1
774,24,307,354,104,253,-1,-1,-1,-1
775,24,303,352,121,255,-1,-1,-1,-1
776,24,309,353,114,256,-1,-1,-1,-1
777,24,312,351,109,261,-1,-1,-1,-1
778,24,314,350,104,264,-1,-1,-1,-1
779,24,318,350,96,266,-1,-1,-1,-1
780,24,332,352,74,262,-1,-1,-1,-1
781,24,336,347,70,268,-1,-1,-1,-1
782,24,338,348,71,267,-1,-1,-1,-1
783,24,336,347,78,267,-1,-1,-1,-1
784,24,340,353,78,253,-1,-1,-1,-1
785,24,341,350,82,259,-1,-1,-1,-1
786,24,336,350,97,262,-1,-1,-1,-1
787,24,315,345,129,272,-1,-1,-1,-1
788,24,300,343,145,275,-1,-1,-1,-1
789,24,295,342,147,278,-1,-1,-1,-1
790,24,295,347,146,268,-1,-1,-1,-1
791,24,301,349,135,262,-1,-1,-1,-1
792,24,307,347,126,263,-1,-1,-1,-1
793,24,319,348,117,263,-1,-1,-1,-1
794,24,318,342,131,275,-1,-1,-1,-1
795,24,320,344,147,276,-1,-1,-1,-1
796,24,322,345,160,274,-1,-1,-1,-1
797,24,335,347,158,270,-1,-1,-1,-1
798,24,366,352,125,259,-1,-1,-1,-1
799,24,377,349,128,263,-1,-1,-1,-1
800,24,385,349,127,261,-1,-1,-1,-1
801,24,382,339,126,282,-1,-1,-1,-1
802,24,394,346,108,266,-1,-1,-1,-1
803,24,399,348,104,261,-1,-1,-1,-1
804,24,413,348,89,261,-1,-1,-1,-1
805,24,420,344,88,271,-1,-1,-1,-1
806,24,420,344,95,270,-1,-1,-1,-1
807,24,421,345,99,266,-1,-1,-1,-1
808,24,418,346,106,266,-1,-1,-1,-1
809,24,422,341,103,280,-1,-1,-1,-1
810,24,427,348,100,267,-1,-1,-1,-1
811,24,434,346,97,272,-1,-1,-1,-1
812,24,446,349,87,265,-1,-1,-1,-1
813,24,454,351,84,263,-1,-1,-1,-1
814,24,459,352,84,257,-1,-1,-1,-1
815,24,462,349,86,261,-1,-1,-1,-1
816,24,470,351,80,252,-1,-1,-1,-1
817,24,480,352,70,244,-1,-1,-1,-1
818,24,484,345,69,262,-1,-1,-1,-1
819,24,485,347,78,255,-1,-1,-1,-1
820,24,488,345,71,263,-1,-1,-1,-1
821,24,495,347,59,262,-1,-1,-1,-1
822,24,493,349,69,257,-1,-1,-1,-1
823,24,496,348,69,260,-1,-1,-1,-1
824,24,499,348,69,259,-1,-1,-1,-1
825,24,503,348,67,260,-1,-1,-1,-1
826,24,506,349,67,260,-1,-1,-1,-1
827,24,509,349,68,259,-1,-1,-1,-1
828,24,513,349,68,260,-1,-1,-1,-1
829,24,516,349,68,260,-1,-1,-1,-1
681,25,4,381,67,213,-1,-1,-1,-1
682,25,3,381,71,207,-1,-1,-1,-1
683,25,1,379,73,207,-1,-1,-1,-1
684,25,2,380,72,202,-1,-1,-1,-1
685,25,2,377,69,206,-1,-1,-1,-1
686,25,2,374,73,208,-1,-1,-1,-1
687,25,1,370,79,214,-1,-1,-1,-1
688,25,3,375,85,204,-1,-1,-1,-1
689,25,7,371,86,211,-1,-1,-1,-1
690,25,11,372,84,212,-1,-1,-1,-1
691,25,11,365,89,229,-1,-1,-1,-1
692,25,12,368,92,232,-1,-1,-1,-1
693,25,12,371,93,231,-1,-1,-1,-1
694,25,13,378,95,217,-1,-1,-1,-1
695,25,14,377,93,218,-1,-1,-1,-1
696,25,14,378,95,214,-1,-1,-1,-1
697,25,16,378,94,211,-1,-1,-1,-1
698,25,19,375,91,217,-1,-1,-1,-1
699,25,20,374,92,224,-1,-1,-1,-1
700,25,26,376,86,220,-1,-1,-1,-1
701,25,32,376,82,221,-1,-1,-1,-1
702,25,36,377,81,224,-1,-1,-1,-1
703,25,38,377,83,224,-1,-1,-1,-1
704,25,43,376,79,225,-1,-1,-1,-1
705,25,47,375,78,225,-1,-1,-1,-1
706,25,47,371,80,229,-1,-1,-1,-1
707,25,49,371,80,229,-1,-1,-1,-1
708,25,50,370,80,234,-1,-1,-1,-1
709,25,51,373,82,229,-1,-1,-1,-1
710,25,50,372,86,229,-1,-1,-1,-1
711,25,47,365,93,240,-1,-1,-1,-1
712,25,47,365,98,240,-1,-1,-1,-1
713,25,49,364,97,242,-1,-1,-1,-1
714,25,50,362,102,249,-1,-1,-1,-1
715,25,51,364,107,247,-1,-1,-1,-1
716,25,57,369,102,234,-1,-1,-1,-1
717,25,62,370,95,226,-1,-1,-1,-1
718,25,66,366,92,228,-1,-1,-1,-1
719,25,65,371,98,218,-1,-1,-1,-1
720,25,67,370,99,222,-1,-1,-1,-1
721,25,72,373,95,216,-1,-1,-1,-1
722,25,76,372,95,218,-1,-1,-1,-1
723,25,77,370,105,226,-1,-1,-1,-1
724,25,86,367,99,231,-1,-1,-1,-1
725,25,92,364,98,240,-1,-1,-1,-1
726,25,99,366,93,236,-1,-1,-1,-1
727,25,104,366,90,236,-1,-1,-1,-1
728,25,106,361,91,246,-1,-1,-1,-1
729,25,111,363,85,245,-1,-1,-1,-1
730,25,113,366,86,242,-1,-1,-1,-1
731,25,117,370,82,233,-1,-1,-1,-1
732,25,118,366,85,246,-1,-1,-1,-1
733,25,121,365,85,249,-1,-1,-1,-1
734,25,124,367,83,246,-1,-1,-1,-1
735,25,127,366,84,246,-1,-1,-1,-1
736,25,131,364,80,250,-1,-1,-1,-1
737,25,135,367,76,241,-1,-1,-1,-1
738,25,139,364,74,247,-1,-1,-1,-1
739,25,141,363,74,250,-1,-1,-1,-1
740,25,140,366,77,242,-1,-1,-1,-1
741,25,141,366,79,240,-1,-1,-1,-1
742,25,145,367,77,240,-1,-1,-1,-1
743,25,148,363,80,248,-1,-1,-1,-1
744,25,153,363,75,245,-1,-1,-1,-1
745,25,156,361,76,249,-1,-1,-1,-1
746,25,159,365,76,244,-1,-1,-1,-1
747,25,162,364,75,241,-1,-1,-1,-1
748,25,162,360,81,248,-1,-1,-1,-1
749,25,162,362,85,240,-1,-1,-1,-1
750,25,164,361,88,240,-1,-1,-1,-1
751,25,164,359,92,241,-1,-1,-1,-1
752,25,168,359,88,242,-1,-1,-1,-1
753,25,167,359,98,241,-1,-1,-1,-1
754,25,175,363,91,237,-1,-1,-1,-1
755,25,178,365,91,235,-1,-1,-1,-1
756,25,183,366,91,236,-1,-1,-1,-1
757,25,190,365,84,233,-1,-1,-1,-1
758,25,192,366,87,226,-1,-1,-1,-1
759,25,190,362,93,229,-1,-1,-1,-1
760,25,187,360,101,234,-1,-1,-1,-1
761,25,184,363,111,225,-1,-1,-1,-1
762,25,183,366,113,216,-1,-1,-1,-1
763,25,176,376,119,196,-1,-1,-1,-1
764,25,163,359,144,230,-1,-1,-1,-1
765,25,201,355,88,250,-1,-1,-1,-1
766,25,215,362,78,240,-1,-1,-1,-1
767,25,221,360,79,245,-1,-1,-1,-1
768,25,230,367,71,225,-1,-1,-1,-1
769,25,235,362,67,235,-1,-1,-1,-1
770,25,239,360,66,245,-1,-1,-1,-1
771,25,242,361,66,249,-1,-1,-1,-1
772,25,242,363,72,247,-1,-1,-1,-1
773,25,242,363,77,246,-1,-1,-1,-1
774,25,242,362,82,247,-1,-1,-1,-1
775,25,242,358,86,256,-1,-1,-1,-1
776,25,242,359,89,253,-1,-1,-1,-1
777,25,246,358,85,255,-1,-1,-1,-1
778,25,247,358,87,258,-1,-1,-1,-1
779,25,251,360,85,256,-1,-1,-1,-1
780,25,253,358,94,262,-1,-1,-1,-1
781,25,260,352,94,272,-1,-1,-1,-1
782,25,265,351,97,273,-1,-1,-1,-1
783,25,274,355,93,264,-1,-1,-1,-1
784,25,281,354,83,263,-1,-1,-1,-1
785,25,283,355,85,264,-1,-1,-1,-1
786,25,286,352,88,268,-1,-1,-1,-1
787,25,289,352,89,266,-1,-1,-1,-1
788,25,294,352,88,265,-1,-1,-1,-1
789,25,299,352,86,265,-1,-1,-1,-1
790,25,302,351,87,266,-1,-1,-1,-1
791,25,306,351,88,266,-1,-1,-1,-1
792,25,310,350,88,266,-1,-1,-1,-1
793,25,314,350,87,266,-1,-1,-1,-1
794,25,318,350,87,266,-1,-1,-1,-1
795,25,322,349,87,266,-1,-1,-1,-1
803,25,361,351,72,253,-1,-1,-1,-1
804,25,363,347,75,267,-1,-1,-1,-1
805,25,368,349,73,267,-1,-1,-1,-1
806,25,364,344,94,271,-1,-1,-1,-1
807,25,372,345,81,267,-1,-1,-1,-1
808,25,380,345,71,273,-1,-1,-1,-1
809,25,379,340,76,285,-1,-1,-1,-1
810,25,382,345,72,275,-1,-1,-1,-1
811,25,378,343,91,286,-1,-1,-1,-1
812,25,386,350,87,277,-1,-1,-1,-1
813,25,392,348,81,278,-1,-1,-1,-1
814,25,389,348,95,277,-1,-1,-1,-1
815,25,393,346,96,278,-1,-1,-1,-1
816,25,397,339,97,291,-1,-1,-1,-1
817,25,407,340,90,291,-1,-1,-1,-1
818,25,409,341,101,293,-1,-1,-1,-1
819,25,413,342,110,288,-1,-1,-1,-1
820,25,422,340,99,291,-1,-1,-1,-1
821,25,424,338,106,294,-1,-1,-1,-1
822,25,430,338,104,292,-1,-1,-1,-1
823,25,433,338,109,287,-1,-1,-1,-1
824,25,438,340,110,285,-1,-1,-1,-1
825,25,440,337,115,291,-1,-1,-1,-1
826,25,446,341,110,281,-1,-1,-1,-1
827,25,446,342,113,273,-1,-1,-1,-1
828,25,451,346,108,260,-1,-1,-1,-1
829,25,455,336,104,282,-1,-1,-1,-1
830,25,455,337,106,281,-1,-1,-1,-1
831,25,460,338,97,284,-1,-1,-1,-1
832,25,463,338,98,288,-1,-1,-1,-1
833,25,465,334,102,300,-1,-1,-1,-1
834,25,469,340,97,290,-1,-1,-1,-1
835,25,477,346,91,278,-1,-1,-1,-1
836,25,477,342,97,288,-1,-1,-1,-1
837,25,481,342,97,289,-1,-1,-1,-1
838,25,484,342,97,289,-1,-1,-1,-1
839,25,488,344,96,287,-1,-1,-1,-1
840,25,491,346,96,286,-1,-1,-1,-1
841,25,493,346,97,288,-1,-1,-1,-1
842,25,498,346,96,288,-1,-1,-1,-1
843,25,501,347,96,288,-1,-1,-1,-1
844,25,504,348,96,287,-1,-1,-1,-1
690,26,1354,317,155,235,-1,-1,-1,-1
691,26,1334,315,158,244,-1,-1,-1,-1
692,26,1311,318,157,246,-1,-1,-1,-1
693,26,1287,322,159,240,-1,-1,-1,-1
694,26,1262,324,158,235,-1,-1,-1,-1
695,26,1239,325,158,233,-1,-1,-1,-1
696,26,1216,328,156,230,-1,-1,-1,-1
697,26,1192,326,158,237,-1,-1,-1,-1
698,26,1175,325,146,239,-1,-1,-1,-1
699,26,1156,329,141,237,-1,-1,-1,-1
700,26,1139,331,135,235,-1,-1,-1,-1
701,26,1118,328,137,241,-1,-1,-1,-1
702,26,1113,331,116,240,-1,-1,-1,-1
703,26,1107,335,96,237,-1,-1,-1,-1
704,26,1106,358,71,194,-1,-1,-1,-1
710,26,987,352,102,225,-1,-1,-1,-1
711,26,971,354,100,224,-1,-1,-1,-1
712,26,954,356,99,223,-1,-1,-1,-1
712,27,898,345,122,219,-1,-1,-1,-1
713,27,880,345,126,228,-1,-1,-1,-1
714,27,872,348,109,222,-1,-1,-1,-1
715,27,866,347,94,224,-1,-1,-1,-1
716,27,862,359,79,199,-1,-1,-1,-1
722,27,767,352,100,217,-1,-1,-1,-1
723,27,753,353,99,216,-1,-1,-1,-1
740,28,425,371,112,199,-1,-1,-1,-1
741,28,409,369,118,203,-1,-1,-1,-1
742,28,398,371,115,197,-1,-1,-1,-1
743,28,387,369,111,199,-1,-1,-1,-1
744,28,373,370,111,197,-1,-1,-1,-1
745,28,356,371,116,195,-1,-1,-1,-1
746,28,343,379,114,183,-1,-1,-1,-1
747,28,330,378,112,186,-1,-1,-1,-1
748,28,326,379,98,186,-1,-1,-1,-1
749,28,315,378,100,187,-1,-1,-1,-1
750,28,313,382,86,184,-1,-1,-1,-1
751,28,305,382,83,180,-1,-1,-1,-1
752,28,304,382,70,182,-1,-1,-1,-1
753,28,285,382,87,184,-1,-1,-1,-1
754,28,276,382,85,183,-1,-1,-1,-1
755,28,268,382,82,183,-1,-1,-1,-1
756,28,258,384,82,182,-1,-1,-1,-1
757,28,248,383,81,183,-1,-1,-1,-1
758,28,237,383,84,183,-1,-1,-1,-1
759,28,227,384,83,183,-1,-1,-1,-1
760,28,218,384,82,183,-1,-1,-1,-1
761,28,208,384,82,183,-1,-1,-1,-1
766,28,138,385,88,166,-1,-1,-1,-1
767,28,131,388,86,162,-1,-1,-1,-1
768,28,123,391,86,154,-1,-1,-1,-1
769,28,115,390,82,153,-1,-1,-1,-1
770,28,107,391,81,148,-1,-1,-1,-1
771,28,100,387,80,158,-1,-1,-1,-1
772,28,91,388,81,158,-1,-1,-1,-1
773,28,83,389,82,153,-1,-1,-1,-1
774,28,77,388,80,155,-1,-1,-1,-1
775,28,66,390,85,151,-1,-1,-1,-1
776,28,62,390,80,152,-1,-1,-1,-1
777,28,49,387,88,158,-1,-1,-1,-1
778,28,44,386,84,163,-1,-1,-1,-1
779,28,39,389,81,159,-1,-1,-1,-1
780,28,31,392,81,156,-1,-1,-1,-1
781,28,21,391,85,155,-1,-1,-1,-1
782,28,15,387,84,164,-1,-1,-1,-1
783,28,11,389,80,162,-1,-1,-1,-1
784,28,8,394,75,156,-1,-1,-1,-1
785,28,1,395,77,156,-1,-1,-1,-1
786,28,1,397,69,154,-1,-1,-1,-1
787,28,1,397,59,157,-1,-1,-1,-1
788,28,1,400,52,151,-1,-1,-1,-1
789,28,-2,398,55,158,-1,-1,-1,-1
790,28,-2,402,50,149,-1,-1,-1,-1
791,28,-10,401,57,154,-1,-1,-1,-1
792,28,-12,402,55,154,-1,-1,-1,-1
793,28,-15,402,54,153,-1,-1,-1,-1
794,28,-19,403,54,153,-1,-1,-1,-1
795,28,-23,404,54,153,-1,-1,-1,-1
796,28,-28,405,55,153,-1,-1,-1,-1
844,29,1425,317,119,282,-1,-1,-1,-1
845,29,1423,315,114,285,-1,-1,-1,-1
846,29,1419,317,107,283,-1,-1,-1,-1
847,29,1413,317,105,284,-1,-1,-1,-1
848,29,1403,314,110,287,-1,-1,-1,-1
849,29,1392,314,112,286,-1,-1,-1,-1
850,29,1382,317,116,280,-1,-1,-1,-1
851,29,1352,317,153,284,-1,-1,-1,-1
852,29,1321,318,188,281,-1,-1,-1,-1
853,29,1314,321,183,273,-1,-1,-1,-1
854,29,1316,320,169,274,-1,-1,-1,-1
855,29,1312,319,168,276,-1,-1,-1,-1
856,29,1307,320,170,275,-1,-1,-1,-1
857,29,1303,319,167,280,-1,-1,-1,-1
858,29,1309,319,139,283,-1,-1,-1,-1
859,29,1302,323,137,276,-1,-1,-1,-1
860,29,1299,316,124,284,-1,-1,-1,-1
861,29,1283,319,130,276,-1,-1,-1,-1
862,29,1278,321,122,273,-1,-1,-1,-1
863,29,1269,318,121,278,-1,-1,-1,-1
864,29,1261,318,122,280,-1,-1,-1,-1
865,29,1250,324,127,268,-1,-1,-1,-1
866,29,1239,324,137,266,-1,-1,-1,-1
867,29,1231,324,144,272,-1,-1,-1,-1
868,29,1213,324,167,274,-1,-1,-1,-1
869,29,1211,324,167,274,-1,-1,-1,-1
870,29,1215,325,152,271,-1,-1,-1,-1
871,29,1215,325,142,278,-1,-1,-1,-1
872,29,1219,324,114,279,-1,-1,-1,-1
873,29,1213,323,110,279,-1,-1,-1,-1
874,29,1206,326,108,272,-1,-1,-1,-1
875,29,1203,325,96,272,-1,-1,-1,-1
876,29,1193,323,100,275,-1,-1,-1,-1
877,29,1182,324,108,274,-1,-1,-1,-1
878,29,1176,325,109,272,-1,-1,-1,-1
879,29,1170,324,107,273,-1,-1,-1,-1
880,29,1161,322,116,277,-1,-1,-1,-1
881,29,1148,325,131,271,-1,-1,-1,-1
882,29,1140,326,137,271,-1,-1,-1,-1
883,29,1135,326,140,271,-1,-1,-1,-1
884,29,1136,328,126,272,-1,-1,-1,-1
885,29,1131,332,121,263,-1,-1,-1,-1
886,29,1124,328,121,270,-1,-1,-1,-1
887,29,1119,330,121,265,-1,-1,-1,-1
888,29,1114,327,117,267,-1,-1,-1,-1
889,29,1110,328,114,265,-1,-1,-1,-1
890,29,1106,324,107,275,-1,-1,-1,-1
891,29,1106,324,95,268,-1,-1,-1,-1
892,29,1104,325,88,265,-1,-1,-1,-1
893,29,1100,330,86,255,-1,-1,-1,-1
894,29,1096,329,87,257,-1,-1,-1,-1
895,29,1100,342,77,238,-1,-1,-1,-1
896,29,1096,345,88,237,-1,-1,-1,-1
897,29,1097,358,81,223,-1,-1,-1,-1
898,29,1094,351,84,242,-1,-1,-1,-1
899,29,1092,355,84,239,-1,-1,-1,-1
900,29,1090,359,83,236,-1,-1,-1,-1
901,29,1087,362,84,235,-1,-1,-1,-1
908,30,975,339,79,258,-1,-1,-1,-1
909,30,974,339,77,256,-1,-1,-1,-1
910,30,972,335,78,261,-1,-1,-1,-1
911,30,971,342,76,254,-1,-1,-1,-1
912,30,970,340,74,261,-1,-1,-1,-1
913,30,969,340,73,258,-1,-1,-1,-1
914,30,966,340,75,258,-1,-1,-1,-1
915,30,964,340,75,258,-1,-1,-1,-1
916,30,962,339,75,258,-1,-1,-1,-1
917,30,961,338,74,259,-1,-1,-1,-1
918,30,958,339,75,258,-1,-1,-1,-1
919,30,956,338,75,258,-1,-1,-1,-1
920,30,954,338,75,258,-1,-1,-1,-1
921,30,952,338,75,258,-1,-1,-1,-1
922,30,950,337,75,258,-1,-1,-1,-1
926,30,868,340,92,266,-1,-1,-1,-1
927,30,865,337,93,261,-1,-1,-1,-1
928,30,866,340,83,253,-1,-1,-1,-1
929,30,863,336,83,259,-1,-1,-1,-1
930,30,872,337,64,248,-1,-1,-1,-1
931,30,867,337,68,246,-1,-1,-1,-1
932,30,866,338,65,243,-1,-1,-1,-1
909,31,877,307,109,323,-1,-1,-1,-1
910,31,883,302,102,336,-1,-1,-1,-1
911,31,884,313,107,323,-1,-1,-1,-1
912,31,892,318,104,318,-1,-1,-1,-1
913,31,888,312,130,326,-1,-1,-1,-1
914,31,892,306,140,333,-1,-1,-1,-1
915,31,897,307,146,327,-1,-1,-1,-1
916,31,908,310,133,317,-1,-1,-1,-1
917,31,914,310,127,314,-1,-1,-1,-1
918,31,916,303,124,329,-1,-1,-1,-1
919,31,909,300,135,342,-1,-1,-1,-1
920,31,912,308,133,326,-1,-1,-1,-1
921,31,909,316,142,311,-1,-1,-1,-1
922,31,928,312,124,323,-1,-1,-1,-1
923,31,947,318,107,306,-1,-1,-1,-1
924,31,959,308,99,319,-1,-1,-1,-1
925,31,965,312,101,303,-1,-1,-1,-1
926,31,972,315,97,293,-1,-1,-1,-1
927,31,975,306,100,307,-1,-1,-1,-1
928,31,982,302,92,315,-1,-1,-1,-1
929,31,984,305,98,307,-1,-1,-1,-1
930,31,989,305,97,305,-1,-1,-1,-1
931,31,994,304,97,305,-1,-1,-1,-1
951,31,1117,301,138,340,-1,-1,-1,-1
952,31,1118,298,147,335,-1,-1,-1,-1
953,31,1116,295,167,342,-1,-1,-1,-1
954,31,1117,292,180,350,-1,-1,-1,-1
955,31,1126,294,177,344,-1,-1,-1,-1
956,31,1125,296,190,337,-1,-1,-1,-1
957,31,1133,293,186,343,-1,-1,-1,-1
958,31,1135,292,186,340,-1,-1,-1,-1
959,31,1148,285,162,354,-1,-1,-1,-1
960,31,1151,286,166,348,-1,-1,-1,-1
961,31,1152,276,174,367,-1,-1,-1,-1
962,31,1157,282,172,356,-1,-1,-1,-1
963,31,1162,284,175,347,-1,-1,-1,-1
964,31,1173,278,165,360,-1,-1,-1,-1
965,31,1183,284,153,342,-1,-1,-1,-1
966,31,1190,279,147,343,-1,-1,-1,-1
967,31,1193,283,154,335,-1,-1,-1,-1
968,31,1201,282,153,349,-1,-1,-1,-1
969,31,1204,280,163,361,-1,-1,-1,-1
970,31,1208,284,171,355,-1,-1,-1,-1
971,31,1215,294,182,340,-1,-1,-1,-1
972,31,1212,293,209,342,-1,-1,-1,-1
973,31,1218,292,220,343,-1,-1,-1,-1
974,31,1224,293,223,341,-1,-1,-1,-1
975,31,1234,295,213,337,-1,-1,-1,-1
976,31,1240,294,206,338,-1,-1,-1,-1
977,31,1248,291,195,344,-1,-1,-1,-1
978,31,1246,289,202,350,-1,-1,-1,-1
979,31,1250,288,197,350,-1,-1,-1,-1
980,31,1263,282,184,361,-1,-1,-1,-1
981,31,1275,283,174,359,-1,-1,-1,-1
982,31,1285,288,170,344,-1,-1,-1,-1
983,31,1297,284,166,349,-1,-1,-1,-1
984,31,1307,277,155,363,-1,-1,-1,-1
985,31,1307,281,170,355,-1,-1,-1,-1
986,31,1344,281,137,362,-1,-1,-1,-1
987,31,1362,280,133,365,-1,-1,-1,-1
988,31,1369,277,148,367,-1,-1,-1,-1
989,31,1366,283,171,352,-1,-1,-1,-1
990,31,1387,278,152,360,-1,-1,-1,-1
991,31,1400,277,148,361,-1,-1,-1,-1
992,31,1411,276,150,361,-1,-1,-1,-1
993,31,1420,277,154,360,-1,-1,-1,-1
994,31,1430,276,155,359,-1,-1,-1,-1
995,31,1444,274,152,361,-1,-1,-1,-1
996,31,1455,274,152,361,-1,-1,-1,-1
989,32,1314,295,113,332,-1,-1,-1,-1
990,32,1317,291,117,335,-1,-1,-1,-1
991,32,1322,290,124,337,-1,-1,-1,-1
992,32,1332,292,116,333,-1,-1,-1,-1
993,32,1330,287,134,344,-1,-1,-1,-1
994,32,1334,286,139,343,-1,-1,-1,-1
995,32,1323,284,198,341,-1,-1,-1,-1
996,32,1341,277,194,349,-1,-1,-1,-1
997,32,1347,280,201,346,-1,-1,-1,-1
998,32,1359,280,198,342,-1,-1,-1,-1
999,32,1377,284,160,334,-1,-1,-1,-1
1000,32,1369,283,189,335,-1,-1,-1,-1
990,33,452,365,111,236,-1,-1,-1,-1
991,33,446,370,116,227,-1,-1,-1,-1
992,33,443,371,115,225,-1,-1,-1,-1
993,33,441,368,115,230,-1,-1,-1,-1
994,33,438,371,118,227,-1,-1,-1,-1
995,33,444,374,88,223,-1,-1,-1,-1
996,33,443,370,69,229,-1,-1,-1,-1
997,33,431,369,77,228,-1,-1,-1,-1
998,33,423,369,81,227,-1,-1,-1,-1
999,33,414,363,85,235,-1,-1,-1,-1
1000,33,409,362,88,235,-1,-1,-1,-1
999,34,490,364,75,227,-1,-1,-1,-1
1000,34,488,370,75,216,-1,-1,-1,-1
171,13,597,74,457,1003,-1,-1,-1,-1
172,13,622,76,463,1000,-1,-1,-1,-1
173,13,647,78,468,997,-1,-1,-1,-1
176,16,809,53,551,1009,-1,-1,-1,-1
210,18,353,384,84,187,-1,-1,-1,-1
211,18,347,385,80,188,-1,-1,-1,-1
212,18,340,386,76,188,-1,-1,-1,-1
213,18,334,386,72,189,-1,-1,-1,-1
214,18,327,387,68,189,-1,-1,-1,-1
215,19,367,358,92,185,-1,-1,-1,-1
216,19,366,361,90,187,-1,-1,-1,-1
217,19,365,364,88,189,-1,-1,-1,-1
218,19,364,367,86,190,-1,-1,-1,-1
219,19,362,370,83,192,-1,-1,-1,-1
220,19,361,373,81,194,-1,-1,-1,-1
221,19,360,376,79,195,-1,-1,-1,-1
222,19,359,379,77,197,-1,-1,-1,-1
280,21,1347,316,81,195,-1,-1,-1,-1
281,21,1337,334,82,199,-1,-1,-1,-1
320,21,1071,371,94,212,-1,-1,-1,-1
321,21,1061,371,92,212,-1,-1,-1,-1
322,21,1051,371,90,212,-1,-1,-1,-1
323,21,1040,372,89,212,-1,-1,-1,-1
324,21,1030,372,87,212,-1,-1,-1,-1
325,21,1020,372,85,212,-1,-1,-1,-1
326,21,1010,372,83,212,-1,-1,-1,-1
327,21,999,373,82,212,-1,-1,-1,-1
328,21,989,373,80,212,-1,-1,-1,-1
329,21,979,373,78,212,-1,-1,-1,-1
796,25,326,349,85,264,-1,-1,-1,-1
797,25,331,349,83,262,-1,-1,-1,-1
798,25,336,349,81,261,-1,-1,-1,-1
799,25,341,350,79,259,-1,-1,-1,-1
800,25,346,350,77,257,-1,-1,-1,-1
801,25,351,350,75,256,-1,-1,-1,-1
802,25,356,350,73,254,-1,-1,-1,-1
705,26,1086,357,76,199,-1,-1,-1,-1
706,26,1066,356,81,204,-1,-1,-1,-1
707,26,1046,355,86,209,-1,-1,-1,-1
708,26,1026,354,91,214,-1,-1,-1,-1
709,26,1006,353,96,219,-1,-1,-1,-1
717,27,846,357,82,202,-1,-1,-1,-1
718,27,830,356,86,205,-1,-1,-1,-1
719,27,814,355,89,208,-1,-1,-1,-1
720,27,798,354,93,211,-1,-1,-1,-1
721,27,782,353,96,214,-1,-1,-1,-1
762,28,194,384,83,179,-1,-1,-1,-1
763,28,180,384,84,176,-1,-1,-1,-1
764,28,166,384,85,172,-1,-1,-1,-1
765,28,152,384,86,169,-1,-1,-1,-1
923,30,929,337,79,260,-1,-1,-1,-1
924,30,909,338,83,262,-1,-1,-1,-1
925,30,888,339,87,264,-1,-1,-1,-1
