1,1,405,379,87,214,-1,-1,-1,-1
2,1,407,381,87,213,-1,-1,-1,-1
3,1,411,381,87,213,-1,-1,-1,-1
4,1,415,382,87,213,-1,-1,-1,-1
5,1,421,381,85,213,-1,-1,-1,-1
6,1,427,381,85,213,-1,-1,-1,-1
7,1,433,381,85,212,-1,-1,-1,-1
8,1,437,380,87,212,-1,-1,-1,-1
9,1,442,379,91,214,-1,-1,-1,-1
10,1,446,379,95,214,-1,-1,-1,-1
11,1,448,379,99,215,-1,-1,-1,-1
12,1,451,380,102,216,-1,-1,-1,-1
13,1,454,380,103,216,-1,-1,-1,-1
14,1,458,382,101,215,-1,-1,-1,-1
15,1,462,381,98,215,-1,-1,-1,-1
16,1,467,380,92,216,-1,-1,-1,-1
17,1,474,378,85,216,-1,-1,-1,-1
18,1,480,377,79,216,-1,-1,-1,-1
19,1,485,375,75,216,-1,-1,-1,-1
20,1,490,377,71,213,-1,-1,-1,-1
21,1,495,379,67,208,-1,-1,-1,-1
22,1,499,381,63,204,-1,-1,-1,-1
23,1,504,385,59,196,-1,-1,-1,-1
24,1,508,385,53,196,-1,-1,-1,-1
1,2,281,376,100,236,-1,-1,-1,-1
2,2,283,377,100,235,-1,-1,-1,-1
3,2,285,376,103,234,-1,-1,-1,-1
4,2,287,377,106,233,-1,-1,-1,-1
5,2,290,377,110,233,-1,-1,-1,-1
6,2,293,376,113,234,-1,-1,-1,-1
7,2,296,377,115,235,-1,-1,-1,-1
8,2,300,377,116,236,-1,-1,-1,-1
9,2,304,377,115,239,-1,-1,-1,-1
10,2,310,377,111,239,-1,-1,-1,-1
11,2,316,377,106,240,-1,-1,-1,-1
12,2,324,375,100,243,-1,-1,-1,-1
13,2,331,374,95,244,-1,-1,-1,-1
14,2,337,373,95,243,-1,-1,-1,-1
15,2,343,372,97,243,-1,-1,-1,-1
16,2,346,372,101,244,-1,-1,-1,-1
17,2,348,373,108,243,-1,-1,-1,-1
18,2,349,375,114,241,-1,-1,-1,-1
19,2,351,377,117,240,-1,-1,-1,-1
20,2,355,378,118,241,-1,-1,-1,-1
21,2,359,380,119,241,-1,-1,-1,-1
22,2,366,380,116,241,-1,-1,-1,-1
23,2,375,379,111,243,-1,-1,-1,-1
24,2,383,378,107,245,-1,-1,-1,-1
25,2,391,377,104,245,-1,-1,-1,-1
26,2,399,376,101,245,-1,-1,-1,-1
27,2,406,375,104,244,-1,-1,-1,-1
28,2,412,374,107,246,-1,-1,-1,-1
29,2,417,373,111,244,-1,-1,-1,-1
30,2,422,373,114,244,-1,-1,-1,-1
31,2,426,373,116,245,-1,-1,-1,-1
32,2,430,372,117,246,-1,-1,-1,-1
33,2,435,373,115,244,-1,-1,-1,-1
34,2,439,375,114,242,-1,-1,-1,-1
35,2,444,375,112,241,-1,-1,-1,-1
36,2,449,376,109,242,-1,-1,-1,-1
37,2,456,377,104,240,-1,-1,-1,-1
38,2,463,375,99,241,-1,-1,-1,-1
39,2,471,374,93,241,-1,-1,-1,-1
40,2,480,373,87,242,-1,-1,-1,-1
41,2,487,372,81,239,-1,-1,-1,-1
42,2,492,371,76,240,-1,-1,-1,-1
43,2,496,369,73,241,-1,-1,-1,-1
44,2,500,369,70,242,-1,-1,-1,-1
45,2,503,367,69,243,-1,-1,-1,-1
46,2,508,369,65,239,-1,-1,-1,-1
70,3,1508,343,51,248,-1,-1,-1,-1
71,3,1495,340,63,254,-1,-1,-1,-1
72,3,1476,336,83,260,-1,-1,-1,-1
73,3,1460,334,98,265,-1,-1,-1,-1
74,3,1446,328,112,268,-1,-1,-1,-1
75,3,1435,327,123,269,-1,-1,-1,-1
76,3,1428,326,129,271,-1,-1,-1,-1
77,3,1427,323,130,274,-1,-1,-1,-1
78,3,1423,320,124,275,-1,-1,-1,-1
79,3,1417,320,118,276,-1,-1,-1,-1
80,3,1408,321,111,275,-1,-1,-1,-1
81,3,1398,321,106,274,-1,-1,-1,-1
82,3,1380,324,107,271,-1,-1,-1,-1
83,3,1361,326,119,268,-1,-1,-1,-1
84,3,1342,330,130,265,-1,-1,-1,-1
85,3,1326,331,140,264,-1,-1,-1,-1
86,3,1312,334,148,262,-1,-1,-1,-1
87,3,1303,335,146,261,-1,-1,-1,-1
88,3,1298,335,137,262,-1,-1,-1,-1
89,3,1299,333,137,264,-1,-1,-1,-1
90,3,1296,333,130,264,-1,-1,-1,-1
91,3,1290,331,118,266,-1,-1,-1,-1
92,3,1282,330,110,266,-1,-1,-1,-1
93,3,1272,330,107,265,-1,-1,-1,-1
94,3,1254,331,96,265,-1,-1,-1,-1
95,3,1243,331,99,264,-1,-1,-1,-1
96,3,1234,333,111,262,-1,-1,-1,-1
97,3,1226,334,126,262,-1,-1,-1,-1
98,3,1223,335,136,262,-1,-1,-1,-1
99,3,1224,335,144,261,-1,-1,-1,-1
100,3,1223,336,146,260,-1,-1,-1,-1
101,3,1221,337,146,259,-1,-1,-1,-1
102,3,1221,338,139,256,-1,-1,-1,-1
103,3,1218,338,132,255,-1,-1,-1,-1
104,3,1213,337,123,255,-1,-1,-1,-1
105,3,1208,336,110,254,-1,-1,-1,-1
106,3,1203,333,97,254,-1,-1,-1,-1
107,3,1195,331,91,255,-1,-1,-1,-1
108,3,1187,331,87,256,-1,-1,-1,-1
109,3,1177,331,89,256,-1,-1,-1,-1
110,3,1162,332,99,256,-1,-1,-1,-1
111,3,1150,333,108,257,-1,-1,-1,-1
112,3,1137,335,117,256,-1,-1,-1,-1
113,3,1125,337,125,254,-1,-1,-1,-1
114,3,1115,341,128,251,-1,-1,-1,-1
115,3,1110,342,126,254,-1,-1,-1,-1
116,3,1105,346,121,256,-1,-1,-1,-1
117,3,1104,348,110,259,-1,-1,-1,-1
118,3,1103,350,100,262,-1,-1,-1,-1
119,3,1103,351,93,266,-1,-1,-1,-1
120,3,1104,354,87,268,-1,-1,-1,-1
121,3,1108,355,82,268,-1,-1,-1,-1
122,3,1110,354,84,270,-1,-1,-1,-1
123,3,1112,353,86,273,-1,-1,-1,-1
124,3,1114,351,91,278,-1,-1,-1,-1
125,3,1116,348,97,285,-1,-1,-1,-1
126,3,1116,345,104,293,-1,-1,-1,-1
127,3,1116,345,104,297,-1,-1,-1,-1
128,3,1119,344,114,299,-1,-1,-1,-1
129,3,1120,346,111,298,-1,-1,-1,-1
130,3,1120,349,109,295,-1,-1,-1,-1
131,3,1121,348,108,296,-1,-1,-1,-1
132,3,1125,347,112,295,-1,-1,-1,-1
133,3,1124,345,108,297,-1,-1,-1,-1
134,3,1129,341,115,300,-1,-1,-1,-1
135,3,1136,339,118,300,-1,-1,-1,-1
136,3,1143,339,121,301,-1,-1,-1,-1
137,3,1150,336,131,306,-1,-1,-1,-1
138,3,1160,334,138,309,-1,-1,-1,-1
139,3,1168,334,142,312,-1,-1,-1,-1
140,3,1175,333,142,314,-1,-1,-1,-1
141,3,1183,333,148,313,-1,-1,-1,-1
142,3,1191,334,140,313,-1,-1,-1,-1
143,3,1198,335,143,312,-1,-1,-1,-1
144,3,1205,335,151,311,-1,-1,-1,-1
145,3,1212,333,164,312,-1,-1,-1,-1
146,3,1219,331,174,310,-1,-1,-1,-1
147,3,1225,328,189,311,-1,-1,-1,-1
148,3,1231,327,196,311,-1,-1,-1,-1
149,3,1241,326,194,314,-1,-1,-1,-1
150,3,1250,325,191,318,-1,-1,-1,-1
151,3,1258,325,189,322,-1,-1,-1,-1
152,3,1266,327,189,324,-1,-1,-1,-1
153,3,1275,327,187,325,-1,-1,-1,-1
154,3,1281,328,188,323,-1,-1,-1,-1
155,3,1290,329,188,320,-1,-1,-1,-1
156,3,1299,329,185,320,-1,-1,-1,-1
157,3,1309,329,183,320,-1,-1,-1,-1
158,3,1315,329,188,321,-1,-1,-1,-1
159,3,1321,328,195,323,-1,-1,-1,-1
160,3,1325,329,206,322,-1,-1,-1,-1
161,3,1331,328,211,323,-1,-1,-1,-1
162,3,1339,327,212,322,-1,-1,-1,-1
163,3,1354,327,202,322,-1,-1,-1,-1
164,3,1371,326,188,324,-1,-1,-1,-1
165,3,1387,326,171,324,-1,-1,-1,-1
166,3,1403,326,156,324,-1,-1,-1,-1
167,3,1413,326,145,325,-1,-1,-1,-1
168,3,1420,325,138,326,-1,-1,-1,-1
169,3,1425,326,134,325,-1,-1,-1,-1
170,3,1428,325,130,326,-1,-1,-1,-1
171,3,1430,324,128,324,-1,-1,-1,-1
172,3,1431,327,127,320,-1,-1,-1,-1
173,3,1436,329,123,314,-1,-1,-1,-1
174,3,1444,331,115,308,-1,-1,-1,-1
175,3,1453,332,105,304,-1,-1,-1,-1
176,3,1467,334,91,303,-1,-1,-1,-1
177,3,1484,334,75,303,-1,-1,-1,-1
178,3,1499,333,60,310,-1,-1,-1,-1
80,4,1462,310,97,282,-1,-1,-1,-1
81,4,1455,310,92,277,-1,-1,-1,-1
82,4,1445,313,94,272,-1,-1,-1,-1
83,4,1435,315,97,269,-1,-1,-1,-1
84,4,1422,318,105,265,-1,-1,-1,-1
85,4,1409,321,112,265,-1,-1,-1,-1
86,4,1397,323,120,268,-1,-1,-1,-1
87,4,1384,324,129,269,-1,-1,-1,-1
88,4,1371,325,135,273,-1,-1,-1,-1
89,4,1358,325,139,276,-1,-1,-1,-1
90,4,1342,325,143,275,-1,-1,-1,-1
91,4,1331,324,139,274,-1,-1,-1,-1
92,4,1322,322,129,274,-1,-1,-1,-1
93,4,1315,323,117,269,-1,-1,-1,-1
94,4,1310,323,106,266,-1,-1,-1,-1
95,4,1306,324,96,264,-1,-1,-1,-1
96,4,1297,327,95,262,-1,-1,-1,-1
97,4,1286,331,100,259,-1,-1,-1,-1
98,4,1272,333,111,262,-1,-1,-1,-1
129,4,1176,358,85,273,-1,-1,-1,-1
130,4,1167,351,110,280,-1,-1,-1,-1
131,4,1171,348,114,283,-1,-1,-1,-1
132,4,1176,346,117,285,-1,-1,-1,-1
133,4,1186,346,113,283,-1,-1,-1,-1
134,4,1201,349,98,277,-1,-1,-1,-1
135,4,1213,349,87,275,-1,-1,-1,-1
136,4,1227,351,74,268,-1,-1,-1,-1
137,4,1233,345,74,278,-1,-1,-1,-1
84,5,868,344,79,248,-1,-1,-1,-1
85,5,866,349,92,243,-1,-1,-1,-1
86,5,866,351,101,245,-1,-1,-1,-1
87,5,867,352,109,246,-1,-1,-1,-1
88,5,867,352,116,247,-1,-1,-1,-1
89,5,870,353,117,248,-1,-1,-1,-1
90,5,871,354,118,249,-1,-1,-1,-1
91,5,876,354,117,252,-1,-1,-1,-1
92,5,884,357,113,252,-1,-1,-1,-1
93,5,893,358,107,254,-1,-1,-1,-1
94,5,903,358,102,256,-1,-1,-1,-1
95,5,916,357,95,257,-1,-1,-1,-1
96,5,926,357,91,257,-1,-1,-1,-1
97,5,935,357,90,257,-1,-1,-1,-1
98,5,941,357,92,257,-1,-1,-1,-1
99,5,947,357,95,259,-1,-1,-1,-1
100,5,952,357,97,260,-1,-1,-1,-1
101,5,957,357,96,265,-1,-1,-1,-1
102,5,962,356,94,269,-1,-1,-1,-1
103,5,967,355,91,273,-1,-1,-1,-1
104,5,976,354,83,273,-1,-1,-1,-1
105,5,985,353,76,273,-1,-1,-1,-1
106,5,994,352,70,272,-1,-1,-1,-1
107,5,1010,355,58,264,-1,-1,-1,-1
94,6,867,359,80,262,-1,-1,-1,-1
95,6,867,362,73,257,-1,-1,-1,-1
96,6,867,358,76,263,-1,-1,-1,-1
97,6,868,357,79,265,-1,-1,-1,-1
98,6,870,355,84,268,-1,-1,-1,-1
99,6,873,354,89,271,-1,-1,-1,-1
100,6,877,355,94,272,-1,-1,-1,-1
101,6,882,356,99,273,-1,-1,-1,-1
102,6,887,357,101,274,-1,-1,-1,-1
103,6,893,357,106,277,-1,-1,-1,-1
104,6,899,357,108,277,-1,-1,-1,-1
105,6,907,356,112,280,-1,-1,-1,-1
106,6,914,355,113,282,-1,-1,-1,-1
107,6,921,352,113,284,-1,-1,-1,-1
108,6,928,350,113,287,-1,-1,-1,-1
109,6,935,348,113,289,-1,-1,-1,-1
110,6,942,347,110,291,-1,-1,-1,-1
111,6,949,345,107,292,-1,-1,-1,-1
112,6,955,346,105,293,-1,-1,-1,-1
113,6,961,347,102,293,-1,-1,-1,-1
114,6,967,349,99,293,-1,-1,-1,-1
115,6,972,352,97,289,-1,-1,-1,-1
116,6,981,354,107,286,-1,-1,-1,-1
117,6,990,357,112,282,-1,-1,-1,-1
118,6,1005,358,150,281,-1,-1,-1,-1
98,7,1183,348,146,245,-1,-1,-1,-1
99,7,1189,348,147,244,-1,-1,-1,-1
100,7,1182,349,137,245,-1,-1,-1,-1
101,7,1176,349,129,245,-1,-1,-1,-1
102,7,1168,347,118,247,-1,-1,-1,-1
103,7,1158,346,106,246,-1,-1,-1,-1
104,7,1150,344,96,247,-1,-1,-1,-1
105,7,1142,342,91,247,-1,-1,-1,-1
106,7,1135,342,87,246,-1,-1,-1,-1
107,7,1128,342,86,247,-1,-1,-1,-1
108,7,1120,342,86,248,-1,-1,-1,-1
109,7,1113,345,86,244,-1,-1,-1,-1
110,7,1109,345,86,246,-1,-1,-1,-1
111,7,1105,351,87,233,-1,-1,-1,-1
121,7,992,365,70,239,-1,-1,-1,-1
122,7,972,355,97,249,-1,-1,-1,-1
123,7,960,354,105,248,-1,-1,-1,-1
124,7,950,352,114,247,-1,-1,-1,-1
125,7,942,352,115,244,-1,-1,-1,-1
126,7,938,353,112,239,-1,-1,-1,-1
127,7,933,353,105,235,-1,-1,-1,-1
128,7,929,352,98,235,-1,-1,-1,-1
129,7,924,351,92,236,-1,-1,-1,-1
130,7,916,351,88,235,-1,-1,-1,-1
131,7,908,353,84,232,-1,-1,-1,-1
132,7,899,353,87,231,-1,-1,-1,-1
133,7,890,354,90,228,-1,-1,-1,-1
134,7,880,355,92,224,-1,-1,-1,-1
135,7,874,355,91,221,-1,-1,-1,-1
136,7,870,354,90,221,-1,-1,-1,-1
137,7,868,355,85,218,-1,-1,-1,-1
138,7,873,359,76,220,-1,-1,-1,-1
127,8,0,422,148,280,-1,-1,-1,-1
128,8,1,409,151,353,-1,-1,-1,-1
129,8,0,397,150,454,-1,-1,-1,-1
130,8,0,372,150,549,-1,-1,-1,-1
131,8,0,333,148,656,-1,-1,-1,-1
132,8,0,306,150,720,-1,-1,-1,-1
133,8,0,278,157,777,-1,-1,-1,-1
134,8,0,248,171,815,-1,-1,-1,-1
135,8,0,234,190,835,-1,-1,-1,-1
136,8,0,235,213,837,-1,-1,-1,-1
137,8,0,222,232,856,-1,-1,-1,-1
138,8,0,213,251,864,-1,-1,-1,-1
139,8,0,210,268,862,-1,-1,-1,-1
140,8,0,208,282,863,-1,-1,-1,-1
141,8,0,202,299,868,-1,-1,-1,-1
142,8,1,205,318,866,-1,-1,-1,-1
143,8,2,203,337,869,-1,-1,-1,-1
144,8,2,196,363,879,-1,-1,-1,-1
145,8,4,188,388,888,-1,-1,-1,-1
146,8,7,184,409,889,-1,-1,-1,-1
147,8,14,176,432,896,-1,-1,-1,-1
148,8,20,166,461,905,-1,-1,-1,-1
149,8,33,161,474,911,-1,-1,-1,-1
150,8,50,158,491,915,-1,-1,-1,-1
151,8,68,155,503,922,-1,-1,-1,-1
152,8,85,156,521,919,-1,-1,-1,-1
153,8,106,161,531,911,-1,-1,-1,-1
154,8,129,159,544,913,-1,-1,-1,-1
155,8,154,156,534,916,-1,-1,-1,-1
156,8,182,153,536,916,-1,-1,-1,-1
157,8,207,148,531,924,-1,-1,-1,-1
158,8,234,142,508,933,-1,-1,-1,-1
159,8,258,140,497,935,-1,-1,-1,-1
160,8,284,132,493,941,-1,-1,-1,-1
161,8,309,124,486,949,-1,-1,-1,-1
162,8,335,113,482,957,-1,-1,-1,-1
163,8,358,103,490,963,-1,-1,-1,-1
164,8,389,93,488,965,-1,-1,-1,-1
165,8,410,88,495,971,-1,-1,-1,-1
166,8,439,85,493,975,-1,-1,-1,-1
167,8,467,85,488,978,-1,-1,-1,-1
168,8,503,82,478,986,-1,-1,-1,-1
169,8,534,83,479,992,-1,-1,-1,-1
170,8,573,85,476,983,-1,-1,-1,-1
173,8,695,77,500,981,-1,-1,-1,-1
174,8,738,68,505,989,-1,-1,-1,-1
175,8,775,60,524,1001,-1,-1,-1,-1
177,8,847,34,566,1036,-1,-1,-1,-1
178,8,887,28,566,1043,-1,-1,-1,-1
179,8,926,27,571,1046,-1,-1,-1,-1
180,8,973,24,553,1049,-1,-1,-1,-1
181,8,1017,25,532,1049,-1,-1,-1,-1
182,8,1068,34,480,1031,-1,-1,-1,-1
183,8,1118,32,440,1023,-1,-1,-1,-1
184,8,1167,28,391,1017,-1,-1,-1,-1
185,8,1231,26,328,1002,-1,-1,-1,-1
129,9,990,349,81,223,-1,-1,-1,-1
130,9,984,348,78,229,-1,-1,-1,-1
131,9,978,349,81,230,-1,-1,-1,-1
132,9,971,348,83,234,-1,-1,-1,-1
133,9,963,348,84,236,-1,-1,-1,-1
134,9,955,346,87,237,-1,-1,-1,-1
135,9,945,346,90,238,-1,-1,-1,-1
136,9,934,346,95,239,-1,-1,-1,-1
137,9,922,347,103,239,-1,-1,-1,-1
138,9,910,348,112,239,-1,-1,-1,-1
139,9,899,350,120,238,-1,-1,-1,-1
140,9,888,350,126,238,-1,-1,-1,-1
141,9,880,351,128,236,-1,-1,-1,-1
142,9,875,352,125,233,-1,-1,-1,-1
143,9,873,353,116,230,-1,-1,-1,-1
144,9,871,350,105,227,-1,-1,-1,-1
145,9,870,350,92,223,-1,-1,-1,-1
146,9,872,344,76,225,-1,-1,-1,-1
145,10,0,741,95,338,-1,-1,-1,-1
146,10,0,753,118,325,-1,-1,-1,-1
147,10,0,759,137,319,-1,-1,-1,-1
148,10,0,764,160,314,-1,-1,-1,-1
149,10,0,768,185,310,-1,-1,-1,-1
150,10,0,770,212,308,-1,-1,-1,-1
151,10,0,771,239,307,-1,-1,-1,-1
152,10,0,773,267,304,-1,-1,-1,-1
153,10,3,776,295,301,-1,-1,-1,-1
154,10,12,778,314,299,-1,-1,-1,-1
155,10,26,781,327,295,-1,-1,-1,-1
156,10,45,787,339,290,-1,-1,-1,-1
157,10,70,791,343,286,-1,-1,-1,-1
158,10,95,798,345,280,-1,-1,-1,-1
159,10,122,799,340,280,-1,-1,-1,-1
157,11,6,389,73,164,-1,-1,-1,-1
158,11,6,387,80,167,-1,-1,-1,-1
159,11,8,385,83,167,-1,-1,-1,-1
160,11,11,384,85,169,-1,-1,-1,-1
161,11,15,383,88,170,-1,-1,-1,-1
162,11,19,382,90,170,-1,-1,-1,-1
163,11,23,382,93,172,-1,-1,-1,-1
164,11,29,382,94,172,-1,-1,-1,-1
165,11,34,383,96,167,-1,-1,-1,-1
166,11,39,382,98,166,-1,-1,-1,-1
167,11,45,382,99,171,-1,-1,-1,-1
168,11,52,381,97,175,-1,-1,-1,-1
169,11,60,381,96,175,-1,-1,-1,-1
170,11,68,380,95,180,-1,-1,-1,-1
171,11,74,379,95,183,-1,-1,-1,-1
172,11,80,380,95,180,-1,-1,-1,-1
173,11,86,379,96,180,-1,-1,-1,-1
174,11,91,380,99,178,-1,-1,-1,-1
175,11,96,380,101,180,-1,-1,-1,-1
176,11,102,379,101,179,-1,-1,-1,-1
177,11,109,378,98,176,-1,-1,-1,-1
178,11,116,378,97,174,-1,-1,-1,-1
179,11,123,376,96,177,-1,-1,-1,-1
180,11,130,374,96,180,-1,-1,-1,-1
181,11,136,373,92,178,-1,-1,-1,-1
182,11,144,373,95,180,-1,-1,-1,-1
183,11,149,373,98,182,-1,-1,-1,-1
184,11,154,372,100,186,-1,-1,-1,-1
185,11,162,372,101,181,-1,-1,-1,-1
186,11,171,372,105,180,-1,-1,-1,-1
187,11,180,372,106,182,-1,-1,-1,-1
188,11,190,370,105,181,-1,-1,-1,-1
189,11,200,369,104,179,-1,-1,-1,-1
190,11,209,368,102,182,-1,-1,-1,-1
191,11,217,367,97,180,-1,-1,-1,-1
192,11,225,366,95,176,-1,-1,-1,-1
193,11,234,365,92,173,-1,-1,-1,-1
194,11,241,365,88,171,-1,-1,-1,-1
195,11,249,364,86,171,-1,-1,-1,-1
196,11,257,363,88,176,-1,-1,-1,-1
197,11,265,363,87,182,-1,-1,-1,-1
198,11,275,363,88,181,-1,-1,-1,-1
199,11,284,362,89,182,-1,-1,-1,-1
200,11,294,361,90,180,-1,-1,-1,-1
201,11,303,361,92,179,-1,-1,-1,-1
202,11,314,360,94,176,-1,-1,-1,-1
203,11,324,360,95,180,-1,-1,-1,-1
204,11,335,358,94,181,-1,-1,-1,-1
205,11,347,358,92,180,-1,-1,-1,-1
206,11,359,358,92,180,-1,-1,-1,-1
207,11,372,358,94,183,-1,-1,-1,-1
208,11,383,357,97,187,-1,-1,-1,-1
209,11,395,357,99,189,-1,-1,-1,-1
210,11,407,357,101,194,-1,-1,-1,-1
211,11,421,356,100,201,-1,-1,-1,-1
212,11,434,354,94,201,-1,-1,-1,-1
213,11,447,352,90,209,-1,-1,-1,-1
214,11,459,351,87,218,-1,-1,-1,-1
215,11,464,350,86,227,-1,-1,-1,-1
216,11,463,351,89,231,-1,-1,-1,-1
217,11,459,352,95,238,-1,-1,-1,-1
218,11,456,353,98,238,-1,-1,-1,-1
219,11,454,354,100,239,-1,-1,-1,-1
220,11,459,354,95,238,-1,-1,-1,-1
221,11,470,353,88,238,-1,-1,-1,-1
222,11,484,352,76,239,-1,-1,-1,-1
223,11,495,352,67,242,-1,-1,-1,-1
173,12,0,392,59,190,-1,-1,-1,-1
174,12,1,392,65,192,-1,-1,-1,-1
175,12,3,389,69,186,-1,-1,-1,-1
176,12,6,389,75,186,-1,-1,-1,-1
177,12,10,388,80,185,-1,-1,-1,-1
178,12,15,386,82,185,-1,-1,-1,-1
179,12,22,387,84,187,-1,-1,-1,-1
180,12,29,387,88,187,-1,-1,-1,-1
181,12,37,386,88,188,-1,-1,-1,-1
182,12,46,386,87,190,-1,-1,-1,-1
183,12,54,386,90,191,-1,-1,-1,-1
184,12,62,385,92,194,-1,-1,-1,-1
185,12,71,385,93,196,-1,-1,-1,-1
186,12,79,384,94,200,-1,-1,-1,-1
187,12,86,383,96,203,-1,-1,-1,-1
188,12,96,382,95,204,-1,-1,-1,-1
189,12,105,381,98,208,-1,-1,-1,-1
190,12,113,379,98,212,-1,-1,-1,-1
191,12,122,378,100,212,-1,-1,-1,-1
192,12,131,379,99,211,-1,-1,-1,-1
193,12,139,378,102,213,-1,-1,-1,-1
194,12,149,378,100,211,-1,-1,-1,-1
195,12,159,378,98,211,-1,-1,-1,-1
196,12,169,378,99,213,-1,-1,-1,-1
197,12,179,376,99,214,-1,-1,-1,-1
198,12,190,374,98,214,-1,-1,-1,-1
199,12,200,371,99,217,-1,-1,-1,-1
200,12,210,368,99,218,-1,-1,-1,-1
201,12,220,366,100,218,-1,-1,-1,-1
202,12,231,363,99,219,-1,-1,-1,-1
203,12,243,362,99,222,-1,-1,-1,-1
204,12,254,362,98,221,-1,-1,-1,-1
205,12,267,360,95,222,-1,-1,-1,-1
206,12,279,361,94,222,-1,-1,-1,-1
207,12,291,361,95,223,-1,-1,-1,-1
208,12,302,361,96,224,-1,-1,-1,-1
209,12,313,362,97,226,-1,-1,-1,-1
210,12,323,363,101,228,-1,-1,-1,-1
211,12,334,361,102,229,-1,-1,-1,-1
212,12,347,361,104,230,-1,-1,-1,-1
213,12,360,360,104,231,-1,-1,-1,-1
214,12,374,359,100,227,-1,-1,-1,-1
215,12,387,360,99,224,-1,-1,-1,-1
216,12,399,360,93,221,-1,-1,-1,-1
217,12,409,366,96,217,-1,-1,-1,-1
183,13,505,380,66,180,-1,-1,-1,-1
184,13,499,379,69,194,-1,-1,-1,-1
185,13,493,382,73,192,-1,-1,-1,-1
186,13,486,385,77,196,-1,-1,-1,-1
187,13,480,388,81,194,-1,-1,-1,-1
188,13,475,389,83,195,-1,-1,-1,-1
189,13,469,389,83,197,-1,-1,-1,-1
190,13,465,388,81,198,-1,-1,-1,-1
191,13,461,385,79,199,-1,-1,-1,-1
192,13,456,382,77,201,-1,-1,-1,-1
193,13,451,381,75,201,-1,-1,-1,-1
194,13,445,381,75,202,-1,-1,-1,-1
195,13,437,383,77,201,-1,-1,-1,-1
196,13,430,385,81,200,-1,-1,-1,-1
197,13,424,389,83,194,-1,-1,-1,-1
198,13,418,390,86,191,-1,-1,-1,-1
199,13,411,390,92,187,-1,-1,-1,-1
200,13,407,388,90,181,-1,-1,-1,-1
214,13,329,389,59,182,-1,-1,-1,-1
215,13,322,390,65,188,-1,-1,-1,-1
216,13,315,390,71,191,-1,-1,-1,-1
217,13,308,390,75,195,-1,-1,-1,-1
218,13,302,390,76,195,-1,-1,-1,-1
219,13,296,390,76,195,-1,-1,-1,-1
220,13,291,392,76,193,-1,-1,-1,-1
221,13,285,393,77,191,-1,-1,-1,-1
222,13,278,395,82,189,-1,-1,-1,-1
223,13,269,397,90,188,-1,-1,-1,-1
224,13,260,399,97,187,-1,-1,-1,-1
225,13,253,399,102,188,-1,-1,-1,-1
226,13,246,397,105,190,-1,-1,-1,-1
227,13,241,395,100,192,-1,-1,-1,-1
228,13,239,393,92,194,-1,-1,-1,-1
229,13,236,391,83,195,-1,-1,-1,-1
230,13,234,390,76,195,-1,-1,-1,-1
231,13,231,389,71,194,-1,-1,-1,-1
232,13,226,389,71,193,-1,-1,-1,-1
233,13,221,390,72,193,-1,-1,-1,-1
234,13,215,389,74,194,-1,-1,-1,-1
235,13,209,390,77,193,-1,-1,-1,-1
236,13,204,392,79,192,-1,-1,-1,-1
237,13,199,394,81,190,-1,-1,-1,-1
238,13,194,396,82,187,-1,-1,-1,-1
239,13,189,397,82,187,-1,-1,-1,-1
240,13,185,397,80,187,-1,-1,-1,-1
241,13,181,395,77,189,-1,-1,-1,-1
242,13,177,393,74,189,-1,-1,-1,-1
243,13,174,391,73,190,-1,-1,-1,-1
244,13,169,390,74,190,-1,-1,-1,-1
245,13,163,390,76,189,-1,-1,-1,-1
246,13,157,391,78,189,-1,-1,-1,-1
247,13,151,393,83,188,-1,-1,-1,-1
248,13,144,393,88,189,-1,-1,-1,-1
249,13,139,394,90,188,-1,-1,-1,-1
250,13,134,396,94,187,-1,-1,-1,-1
251,13,130,397,96,186,-1,-1,-1,-1
252,13,126,397,93,186,-1,-1,-1,-1
253,13,122,398,89,185,-1,-1,-1,-1
254,13,119,398,85,185,-1,-1,-1,-1
255,13,116,396,79,185,-1,-1,-1,-1
256,13,113,396,76,185,-1,-1,-1,-1
257,13,108,395,75,185,-1,-1,-1,-1
258,13,103,395,75,185,-1,-1,-1,-1
259,13,98,396,76,184,-1,-1,-1,-1
260,13,94,398,78,181,-1,-1,-1,-1
261,13,89,400,78,178,-1,-1,-1,-1
262,13,86,403,79,174,-1,-1,-1,-1
263,13,82,404,80,173,-1,-1,-1,-1
264,13,78,405,81,172,-1,-1,-1,-1
265,13,74,404,81,174,-1,-1,-1,-1
266,13,70,404,80,175,-1,-1,-1,-1
267,13,66,404,79,174,-1,-1,-1,-1
268,13,64,405,76,172,-1,-1,-1,-1
269,13,61,405,74,170,-1,-1,-1,-1
270,13,58,406,73,167,-1,-1,-1,-1
271,13,54,407,73,167,-1,-1,-1,-1
272,13,49,407,75,168,-1,-1,-1,-1
273,13,43,407,79,169,-1,-1,-1,-1
274,13,37,407,83,170,-1,-1,-1,-1
275,13,31,409,87,169,-1,-1,-1,-1
276,13,27,410,89,168,-1,-1,-1,-1
277,13,24,411,89,166,-1,-1,-1,-1
278,13,21,411,87,165,-1,-1,-1,-1
279,13,18,410,85,165,-1,-1,-1,-1
280,13,15,407,83,169,-1,-1,-1,-1
281,13,12,404,80,173,-1,-1,-1,-1
282,13,9,401,77,176,-1,-1,-1,-1
283,13,7,400,75,178,-1,-1,-1,-1
284,13,5,401,72,177,-1,-1,-1,-1
285,13,4,402,70,175,-1,-1,-1,-1
286,13,3,405,67,172,-1,-1,-1,-1
287,13,2,408,66,169,-1,-1,-1,-1
288,13,2,410,65,167,-1,-1,-1,-1
289,13,1,412,64,165,-1,-1,-1,-1
290,13,0,413,62,164,-1,-1,-1,-1
291,13,0,413,60,163,-1,-1,-1,-1
292,13,0,413,57,163,-1,-1,-1,-1
293,13,0,413,53,160,-1,-1,-1,-1
294,13,0,412,49,160,-1,-1,-1,-1
295,13,0,412,45,158,-1,-1,-1,-1
296,13,0,412,38,158,-1,-1,-1,-1
196,14,502,380,60,190,-1,-1,-1,-1
197,14,499,377,61,191,-1,-1,-1,-1
198,14,495,374,66,198,-1,-1,-1,-1
199,14,489,373,71,202,-1,-1,-1,-1
200,14,483,374,77,203,-1,-1,-1,-1
201,14,478,375,81,202,-1,-1,-1,-1
202,14,473,377,84,198,-1,-1,-1,-1
203,14,467,380,85,192,-1,-1,-1,-1
204,14,461,381,84,181,-1,-1,-1,-1
205,14,456,382,83,174,-1,-1,-1,-1
206,14,445,381,79,155,-1,-1,-1,-1
219,14,377,393,64,166,-1,-1,-1,-1
220,14,375,389,66,179,-1,-1,-1,-1
221,14,369,386,69,187,-1,-1,-1,-1
222,14,365,384,72,193,-1,-1,-1,-1
223,14,359,383,74,195,-1,-1,-1,-1
224,14,353,383,77,198,-1,-1,-1,-1
225,14,347,383,78,198,-1,-1,-1,-1
226,14,341,383,81,198,-1,-1,-1,-1
227,14,333,384,85,198,-1,-1,-1,-1
228,14,325,385,91,198,-1,-1,-1,-1
229,14,317,387,97,196,-1,-1,-1,-1
230,14,310,388,102,194,-1,-1,-1,-1
231,14,304,390,106,191,-1,-1,-1,-1
232,14,299,391,106,189,-1,-1,-1,-1
233,14,296,391,103,188,-1,-1,-1,-1
234,14,293,390,100,188,-1,-1,-1,-1
235,14,289,390,97,188,-1,-1,-1,-1
236,14,286,388,89,190,-1,-1,-1,-1
237,14,282,386,86,190,-1,-1,-1,-1
238,14,277,385,83,190,-1,-1,-1,-1
239,14,272,384,81,191,-1,-1,-1,-1
240,14,268,384,79,191,-1,-1,-1,-1
241,14,263,385,79,189,-1,-1,-1,-1
242,14,257,386,81,190,-1,-1,-1,-1
243,14,253,386,82,190,-1,-1,-1,-1
244,14,248,388,84,188,-1,-1,-1,-1
245,14,242,390,85,187,-1,-1,-1,-1
246,14,237,390,87,187,-1,-1,-1,-1
247,14,234,391,84,185,-1,-1,-1,-1
248,14,231,392,80,183,-1,-1,-1,-1
249,14,227,390,77,183,-1,-1,-1,-1
250,14,224,388,73,182,-1,-1,-1,-1
251,14,219,388,72,181,-1,-1,-1,-1
252,14,214,387,72,181,-1,-1,-1,-1
253,14,209,386,74,183,-1,-1,-1,-1
254,14,206,387,75,184,-1,-1,-1,-1
255,14,199,388,80,185,-1,-1,-1,-1
256,14,194,389,83,187,-1,-1,-1,-1
257,14,188,390,87,187,-1,-1,-1,-1
258,14,182,391,90,186,-1,-1,-1,-1
259,14,177,392,93,185,-1,-1,-1,-1
260,14,173,393,94,183,-1,-1,-1,-1
261,14,170,393,93,181,-1,-1,-1,-1
262,14,166,393,91,180,-1,-1,-1,-1
263,14,162,393,89,179,-1,-1,-1,-1
264,14,157,392,87,179,-1,-1,-1,-1
265,14,154,391,83,179,-1,-1,-1,-1
266,14,148,391,81,180,-1,-1,-1,-1
267,14,145,391,79,181,-1,-1,-1,-1
268,14,142,391,77,182,-1,-1,-1,-1
269,14,139,392,76,181,-1,-1,-1,-1
270,14,134,393,78,180,-1,-1,-1,-1
271,14,131,394,78,179,-1,-1,-1,-1
272,14,127,395,79,178,-1,-1,-1,-1
273,14,124,394,79,177,-1,-1,-1,-1
274,14,121,395,79,176,-1,-1,-1,-1
275,14,119,396,76,175,-1,-1,-1,-1
276,14,117,396,74,174,-1,-1,-1,-1
277,14,114,397,72,172,-1,-1,-1,-1
278,14,110,397,72,171,-1,-1,-1,-1
279,14,106,398,72,170,-1,-1,-1,-1
280,14,103,397,73,172,-1,-1,-1,-1
281,14,99,397,74,173,-1,-1,-1,-1
282,14,95,398,77,174,-1,-1,-1,-1
283,14,92,399,79,173,-1,-1,-1,-1
284,14,89,400,81,172,-1,-1,-1,-1
285,14,86,402,82,170,-1,-1,-1,-1
286,14,83,403,84,169,-1,-1,-1,-1
287,14,79,404,86,167,-1,-1,-1,-1
288,14,76,405,84,165,-1,-1,-1,-1
289,14,74,404,82,164,-1,-1,-1,-1
290,14,72,403,80,165,-1,-1,-1,-1
291,14,70,402,78,165,-1,-1,-1,-1
292,14,70,401,74,166,-1,-1,-1,-1
293,14,67,401,74,167,-1,-1,-1,-1
294,14,64,401,75,167,-1,-1,-1,-1
295,14,61,403,76,166,-1,-1,-1,-1
296,14,57,405,78,164,-1,-1,-1,-1
297,14,53,407,80,162,-1,-1,-1,-1
298,14,49,407,81,160,-1,-1,-1,-1
299,14,46,407,81,159,-1,-1,-1,-1
300,14,44,408,80,157,-1,-1,-1,-1
301,14,41,408,79,157,-1,-1,-1,-1
302,14,38,408,79,157,-1,-1,-1,-1
303,14,36,407,77,158,-1,-1,-1,-1
304,14,33,406,76,159,-1,-1,-1,-1
305,14,29,403,75,162,-1,-1,-1,-1
306,14,26,402,75,163,-1,-1,-1,-1
307,14,23,400,75,166,-1,-1,-1,-1
308,14,18,400,78,166,-1,-1,-1,-1
309,14,14,401,80,166,-1,-1,-1,-1
310,14,11,403,83,163,-1,-1,-1,-1
311,14,7,406,85,160,-1,-1,-1,-1
312,14,5,409,85,156,-1,-1,-1,-1
313,14,4,412,83,154,-1,-1,-1,-1
314,14,3,414,80,152,-1,-1,-1,-1
315,14,2,414,76,152,-1,-1,-1,-1
316,14,3,412,70,154,-1,-1,-1,-1
317,14,2,410,66,156,-1,-1,-1,-1
318,14,2,409,62,157,-1,-1,-1,-1
319,14,1,410,59,157,-1,-1,-1,-1
320,14,1,411,57,155,-1,-1,-1,-1
321,14,0,413,57,152,-1,-1,-1,-1
322,14,0,414,55,150,-1,-1,-1,-1
323,14,0,417,52,145,-1,-1,-1,-1
324,14,0,419,51,142,-1,-1,-1,-1
325,14,0,420,48,138,-1,-1,-1,-1
326,14,0,421,45,136,-1,-1,-1,-1
327,14,0,422,44,133,-1,-1,-1,-1
328,14,0,421,40,133,-1,-1,-1,-1
242,15,869,332,79,240,-1,-1,-1,-1
243,15,871,326,91,259,-1,-1,-1,-1
244,15,874,327,102,257,-1,-1,-1,-1
245,15,877,328,114,258,-1,-1,-1,-1
246,15,882,330,123,254,-1,-1,-1,-1
247,15,889,330,131,252,-1,-1,-1,-1
248,15,899,330,135,251,-1,-1,-1,-1
249,15,909,329,134,252,-1,-1,-1,-1
250,15,922,328,131,254,-1,-1,-1,-1
251,15,934,328,124,254,-1,-1,-1,-1
252,15,946,329,114,254,-1,-1,-1,-1
253,15,959,329,104,255,-1,-1,-1,-1
254,15,970,331,91,255,-1,-1,-1,-1
255,15,985,330,82,257,-1,-1,-1,-1
258,16,1498,365,61,224,-1,-1,-1,-1
259,16,1481,358,77,229,-1,-1,-1,-1
260,16,1477,356,82,231,-1,-1,-1,-1
261,16,1471,354,88,233,-1,-1,-1,-1
262,16,1468,352,90,237,-1,-1,-1,-1
263,16,1465,353,93,236,-1,-1,-1,-1
264,16,1461,352,95,237,-1,-1,-1,-1
265,16,1456,352,95,236,-1,-1,-1,-1
266,16,1450,352,95,235,-1,-1,-1,-1
267,16,1445,353,92,231,-1,-1,-1,-1
268,16,1441,352,87,219,-1,-1,-1,-1
269,16,1437,352,83,211,-1,-1,-1,-1
270,16,1436,349,72,176,-1,-1,-1,-1
281,16,1336,355,86,195,-1,-1,-1,-1
282,16,1325,356,87,209,-1,-1,-1,-1
283,16,1309,358,101,218,-1,-1,-1,-1
284,16,1295,360,111,225,-1,-1,-1,-1
285,16,1282,361,123,231,-1,-1,-1,-1
286,16,1272,363,131,230,-1,-1,-1,-1
287,16,1265,363,134,231,-1,-1,-1,-1
288,16,1261,362,130,231,-1,-1,-1,-1
289,16,1258,360,123,231,-1,-1,-1,-1
290,16,1256,360,113,231,-1,-1,-1,-1
291,16,1253,358,102,233,-1,-1,-1,-1
292,16,1248,356,95,234,-1,-1,-1,-1
293,16,1242,355,89,235,-1,-1,-1,-1
294,16,1235,356,89,234,-1,-1,-1,-1
295,16,1222,355,97,236,-1,-1,-1,-1
296,16,1207,355,109,235,-1,-1,-1,-1
297,16,1194,361,120,228,-1,-1,-1,-1
298,16,1181,364,131,225,-1,-1,-1,-1
299,16,1171,367,140,222,-1,-1,-1,-1
300,16,1164,369,142,220,-1,-1,-1,-1
301,16,1162,372,138,216,-1,-1,-1,-1
302,16,1161,371,129,219,-1,-1,-1,-1
303,16,1158,372,117,218,-1,-1,-1,-1
304,16,1156,369,104,220,-1,-1,-1,-1
305,16,1153,368,93,221,-1,-1,-1,-1
306,16,1148,364,86,225,-1,-1,-1,-1
307,16,1142,361,82,227,-1,-1,-1,-1
308,16,1135,360,83,229,-1,-1,-1,-1
309,16,1129,362,86,227,-1,-1,-1,-1
310,16,1122,365,89,225,-1,-1,-1,-1
311,16,1117,367,92,220,-1,-1,-1,-1
312,16,1113,369,96,217,-1,-1,-1,-1
313,16,1109,371,96,214,-1,-1,-1,-1
314,16,1105,371,96,211,-1,-1,-1,-1
315,16,1099,372,95,212,-1,-1,-1,-1
258,17,1102,317,112,249,-1,-1,-1,-1
259,17,1108,316,112,251,-1,-1,-1,-1
260,17,1112,314,123,256,-1,-1,-1,-1
261,17,1118,314,128,259,-1,-1,-1,-1
262,17,1124,314,137,264,-1,-1,-1,-1
263,17,1133,315,142,266,-1,-1,-1,-1
264,17,1144,316,147,267,-1,-1,-1,-1
265,17,1160,316,146,270,-1,-1,-1,-1
266,17,1175,316,145,271,-1,-1,-1,-1
267,17,1195,316,143,272,-1,-1,-1,-1
268,17,1211,315,143,273,-1,-1,-1,-1
269,17,1224,316,132,273,-1,-1,-1,-1
270,17,1239,316,132,275,-1,-1,-1,-1
271,17,1253,315,133,277,-1,-1,-1,-1
272,17,1265,314,135,279,-1,-1,-1,-1
273,17,1281,311,136,280,-1,-1,-1,-1
274,17,1298,310,148,280,-1,-1,-1,-1
275,17,1313,309,152,277,-1,-1,-1,-1
276,17,1333,306,157,275,-1,-1,-1,-1
277,17,1346,306,161,276,-1,-1,-1,-1
278,17,1360,306,163,274,-1,-1,-1,-1
279,17,1380,305,157,275,-1,-1,-1,-1
280,17,1393,303,153,278,-1,-1,-1,-1
281,17,1404,304,144,280,-1,-1,-1,-1
282,17,1420,303,134,282,-1,-1,-1,-1
283,17,1434,304,122,283,-1,-1,-1,-1
284,17,1445,306,112,276,-1,-1,-1,-1
285,17,1461,308,97,262,-1,-1,-1,-1
286,17,1476,311,82,245,-1,-1,-1,-1
287,17,1494,312,65,214,-1,-1,-1,-1
401,18,493,412,75,178,-1,-1,-1,-1
402,18,494,420,70,167,-1,-1,-1,-1
403,18,494,415,68,173,-1,-1,-1,-1
404,18,492,416,68,172,-1,-1,-1,-1
405,18,490,412,68,176,-1,-1,-1,-1
406,18,487,405,69,183,-1,-1,-1,-1
407,18,484,401,71,188,-1,-1,-1,-1
408,18,479,398,72,191,-1,-1,-1,-1
409,18,475,393,73,198,-1,-1,-1,-1
410,18,468,392,78,198,-1,-1,-1,-1
411,18,460,396,85,194,-1,-1,-1,-1
412,18,452,399,92,190,-1,-1,-1,-1
413,18,445,400,97,188,-1,-1,-1,-1
414,18,438,402,102,185,-1,-1,-1,-1
415,18,432,402,102,186,-1,-1,-1,-1
416,18,428,400,98,188,-1,-1,-1,-1
417,18,424,398,92,190,-1,-1,-1,-1
418,18,421,396,88,192,-1,-1,-1,-1
419,18,417,395,83,194,-1,-1,-1,-1
420,18,413,393,77,196,-1,-1,-1,-1
421,18,409,391,75,199,-1,-1,-1,-1
422,18,404,390,74,200,-1,-1,-1,-1
423,18,399,392,76,198,-1,-1,-1,-1
424,18,393,392,80,198,-1,-1,-1,-1
425,18,387,393,84,197,-1,-1,-1,-1
426,18,381,396,89,195,-1,-1,-1,-1
427,18,375,398,93,192,-1,-1,-1,-1
428,18,370,397,94,193,-1,-1,-1,-1
429,18,367,397,93,192,-1,-1,-1,-1
430,18,363,396,91,192,-1,-1,-1,-1
431,18,360,394,87,192,-1,-1,-1,-1
432,18,357,393,82,192,-1,-1,-1,-1
433,18,355,393,77,192,-1,-1,-1,-1
434,18,352,392,73,193,-1,-1,-1,-1
435,18,349,393,70,192,-1,-1,-1,-1
436,18,345,393,70,193,-1,-1,-1,-1
437,18,339,392,72,194,-1,-1,-1,-1
438,18,332,394,78,193,-1,-1,-1,-1
439,18,325,396,85,190,-1,-1,-1,-1
440,18,317,397,92,188,-1,-1,-1,-1
441,18,312,399,96,187,-1,-1,-1,-1
442,18,307,401,98,186,-1,-1,-1,-1
443,18,305,403,94,183,-1,-1,-1,-1
444,18,303,405,89,182,-1,-1,-1,-1
445,18,300,406,83,181,-1,-1,-1,-1
446,18,297,406,77,181,-1,-1,-1,-1
447,18,294,408,72,178,-1,-1,-1,-1
448,18,290,408,72,178,-1,-1,-1,-1
449,18,285,409,74,178,-1,-1,-1,-1
450,18,279,409,77,178,-1,-1,-1,-1
451,18,274,409,82,177,-1,-1,-1,-1
452,18,269,409,86,177,-1,-1,-1,-1
453,18,264,409,88,176,-1,-1,-1,-1
454,18,261,410,88,175,-1,-1,-1,-1
455,18,258,409,87,175,-1,-1,-1,-1
456,18,254,408,85,176,-1,-1,-1,-1
457,18,252,406,81,177,-1,-1,-1,-1
458,18,249,405,79,178,-1,-1,-1,-1
459,18,246,403,77,180,-1,-1,-1,-1
460,18,244,403,74,180,-1,-1,-1,-1
461,18,241,402,72,181,-1,-1,-1,-1
462,18,237,403,72,180,-1,-1,-1,-1
463,18,233,403,75,180,-1,-1,-1,-1
464,18,228,404,77,179,-1,-1,-1,-1
465,18,223,406,81,178,-1,-1,-1,-1
466,18,218,406,83,178,-1,-1,-1,-1
467,18,215,406,83,178,-1,-1,-1,-1
468,18,212,406,81,179,-1,-1,-1,-1
469,18,209,407,78,177,-1,-1,-1,-1
470,18,208,407,73,177,-1,-1,-1,-1
471,18,206,407,70,175,-1,-1,-1,-1
472,18,203,407,68,173,-1,-1,-1,-1
473,18,200,408,67,172,-1,-1,-1,-1
474,18,195,407,69,172,-1,-1,-1,-1
475,18,191,407,72,172,-1,-1,-1,-1
476,18,186,408,74,170,-1,-1,-1,-1
477,18,182,410,75,169,-1,-1,-1,-1
478,18,179,411,76,169,-1,-1,-1,-1
479,18,177,411,76,169,-1,-1,-1,-1
480,18,174,411,75,169,-1,-1,-1,-1
481,18,172,409,76,171,-1,-1,-1,-1
482,18,169,408,75,172,-1,-1,-1,-1
483,18,166,406,75,173,-1,-1,-1,-1
484,18,163,406,74,173,-1,-1,-1,-1
485,18,161,406,72,173,-1,-1,-1,-1
486,18,158,405,72,174,-1,-1,-1,-1
487,18,155,406,71,174,-1,-1,-1,-1
488,18,152,407,73,173,-1,-1,-1,-1
489,18,147,408,76,172,-1,-1,-1,-1
490,18,143,410,78,170,-1,-1,-1,-1
491,18,139,411,79,168,-1,-1,-1,-1
492,18,136,412,79,166,-1,-1,-1,-1
493,18,133,413,78,165,-1,-1,-1,-1
494,18,130,413,75,165,-1,-1,-1,-1
495,18,128,412,72,166,-1,-1,-1,-1
496,18,125,413,70,166,-1,-1,-1,-1
497,18,122,412,68,165,-1,-1,-1,-1
498,18,120,412,66,165,-1,-1,-1,-1
499,18,117,412,65,164,-1,-1,-1,-1
500,18,114,412,66,164,-1,-1,-1,-1
501,18,111,412,67,164,-1,-1,-1,-1
502,18,107,413,69,164,-1,-1,-1,-1
503,18,104,414,73,163,-1,-1,-1,-1
504,18,100,415,74,162,-1,-1,-1,-1
505,18,98,416,76,162,-1,-1,-1,-1
506,18,95,415,76,163,-1,-1,-1,-1
507,18,92,415,75,163,-1,-1,-1,-1
508,18,90,413,73,164,-1,-1,-1,-1
509,18,88,412,71,164,-1,-1,-1,-1
510,18,86,412,68,165,-1,-1,-1,-1
511,18,84,411,66,165,-1,-1,-1,-1
512,18,82,411,65,164,-1,-1,-1,-1
513,18,79,411,65,163,-1,-1,-1,-1
514,18,75,412,67,163,-1,-1,-1,-1
515,18,70,413,71,161,-1,-1,-1,-1
516,18,66,415,74,160,-1,-1,-1,-1
517,18,61,416,77,158,-1,-1,-1,-1
518,18,58,417,80,158,-1,-1,-1,-1
519,18,56,418,79,158,-1,-1,-1,-1
520,18,54,417,77,159,-1,-1,-1,-1
521,18,52,415,74,160,-1,-1,-1,-1
522,18,49,414,73,162,-1,-1,-1,-1
523,18,45,412,72,163,-1,-1,-1,-1
524,18,40,412,74,164,-1,-1,-1,-1
525,18,36,411,75,163,-1,-1,-1,-1
526,18,33,412,76,162,-1,-1,-1,-1
527,18,31,414,76,161,-1,-1,-1,-1
528,18,29,414,76,160,-1,-1,-1,-1
529,18,27,416,75,159,-1,-1,-1,-1
530,18,26,417,74,157,-1,-1,-1,-1
531,18,25,417,73,156,-1,-1,-1,-1
532,18,23,417,72,156,-1,-1,-1,-1
533,18,22,417,70,156,-1,-1,-1,-1
534,18,20,416,70,157,-1,-1,-1,-1
535,18,17,414,69,159,-1,-1,-1,-1
536,18,14,412,67,161,-1,-1,-1,-1
537,18,12,411,65,163,-1,-1,-1,-1
538,18,10,411,64,162,-1,-1,-1,-1
539,18,9,411,62,162,-1,-1,-1,-1
540,18,8,413,61,160,-1,-1,-1,-1
541,18,7,415,60,158,-1,-1,-1,-1
542,18,6,417,59,157,-1,-1,-1,-1
543,18,5,417,58,157,-1,-1,-1,-1
544,18,4,418,56,155,-1,-1,-1,-1
545,18,3,420,54,155,-1,-1,-1,-1
546,18,2,420,52,154,-1,-1,-1,-1
547,18,1,420,50,153,-1,-1,-1,-1
548,18,0,422,48,151,-1,-1,-1,-1
549,18,0,423,46,149,-1,-1,-1,-1
550,18,0,424,44,148,-1,-1,-1,-1
551,18,0,426,44,144,-1,-1,-1,-1
552,18,0,429,43,141,-1,-1,-1,-1
553,18,0,431,43,138,-1,-1,-1,-1
554,18,0,435,42,134,-1,-1,-1,-1
555,18,0,436,42,132,-1,-1,-1,-1
556,18,0,437,39,129,-1,-1,-1,-1
557,18,0,437,37,128,-1,-1,-1,-1
558,18,0,439,30,125,-1,-1,-1,-1
634,19,0,405,34,183,-1,-1,-1,-1
635,19,0,394,39,188,-1,-1,-1,-1
636,19,0,393,42,188,-1,-1,-1,-1
637,19,0,390,45,189,-1,-1,-1,-1
638,19,0,389,47,190,-1,-1,-1,-1
639,19,0,389,48,191,-1,-1,-1,-1
640,19,0,388,49,193,-1,-1,-1,-1
641,19,0,387,50,196,-1,-1,-1,-1
642,19,0,386,52,197,-1,-1,-1,-1
643,19,0,386,55,199,-1,-1,-1,-1
644,19,0,385,61,200,-1,-1,-1,-1
645,19,0,385,65,199,-1,-1,-1,-1
646,19,0,384,70,199,-1,-1,-1,-1
647,19,0,384,74,199,-1,-1,-1,-1
648,19,0,383,78,199,-1,-1,-1,-1
649,19,0,383,80,200,-1,-1,-1,-1
650,19,0,382,81,202,-1,-1,-1,-1
651,19,1,381,83,204,-1,-1,-1,-1
652,19,1,379,86,207,-1,-1,-1,-1
653,19,2,377,88,211,-1,-1,-1,-1
654,19,3,375,90,213,-1,-1,-1,-1
655,19,4,373,93,215,-1,-1,-1,-1
656,19,5,372,94,217,-1,-1,-1,-1
657,19,6,372,95,218,-1,-1,-1,-1
658,19,8,373,95,218,-1,-1,-1,-1
659,19,9,373,94,219,-1,-1,-1,-1
660,19,11,374,93,220,-1,-1,-1,-1
661,19,12,374,92,220,-1,-1,-1,-1
662,19,14,374,90,220,-1,-1,-1,-1
663,19,16,374,89,221,-1,-1,-1,-1
664,19,18,373,87,221,-1,-1,-1,-1
665,19,20,373,85,220,-1,-1,-1,-1
666,19,21,372,84,221,-1,-1,-1,-1
667,19,22,370,83,223,-1,-1,-1,-1
668,19,24,370,83,224,-1,-1,-1,-1
669,19,25,369,83,225,-1,-1,-1,-1
670,19,26,368,85,227,-1,-1,-1,-1
671,19,29,370,86,226,-1,-1,-1,-1
672,19,33,371,86,225,-1,-1,-1,-1
673,19,37,371,86,225,-1,-1,-1,-1
674,19,41,372,85,224,-1,-1,-1,-1
675,19,46,372,83,224,-1,-1,-1,-1
676,19,49,372,83,224,-1,-1,-1,-1
677,19,51,371,85,222,-1,-1,-1,-1
678,19,54,372,88,220,-1,-1,-1,-1
679,19,57,373,89,219,-1,-1,-1,-1
680,19,59,373,93,219,-1,-1,-1,-1
681,19,61,373,95,220,-1,-1,-1,-1
682,19,63,373,96,222,-1,-1,-1,-1
683,19,64,371,96,226,-1,-1,-1,-1
684,19,65,370,98,228,-1,-1,-1,-1
685,19,68,369,97,229,-1,-1,-1,-1
686,19,72,369,94,230,-1,-1,-1,-1
687,19,75,368,91,231,-1,-1,-1,-1
688,19,79,368,88,231,-1,-1,-1,-1
689,19,82,367,87,232,-1,-1,-1,-1
690,19,84,367,86,232,-1,-1,-1,-1
691,19,85,367,87,232,-1,-1,-1,-1
692,19,88,368,87,231,-1,-1,-1,-1
693,19,91,368,87,230,-1,-1,-1,-1
694,19,95,369,86,228,-1,-1,-1,-1
695,19,98,368,84,228,-1,-1,-1,-1
696,19,102,366,83,229,-1,-1,-1,-1
697,19,104,366,83,228,-1,-1,-1,-1
698,19,106,366,83,228,-1,-1,-1,-1
699,19,108,365,84,230,-1,-1,-1,-1
700,19,110,365,84,231,-1,-1,-1,-1
701,19,111,366,85,230,-1,-1,-1,-1
702,19,113,365,85,230,-1,-1,-1,-1
703,19,115,365,85,230,-1,-1,-1,-1
704,19,118,365,86,230,-1,-1,-1,-1
705,19,121,366,85,227,-1,-1,-1,-1
706,19,125,365,85,229,-1,-1,-1,-1
707,19,128,366,85,228,-1,-1,-1,-1
708,19,132,367,84,228,-1,-1,-1,-1
709,19,134,367,84,229,-1,-1,-1,-1
710,19,136,366,85,231,-1,-1,-1,-1
711,19,139,366,85,230,-1,-1,-1,-1
712,19,141,365,85,232,-1,-1,-1,-1
713,19,142,365,88,232,-1,-1,-1,-1
714,19,144,365,92,232,-1,-1,-1,-1
715,19,145,365,96,231,-1,-1,-1,-1
716,19,147,364,100,233,-1,-1,-1,-1
717,19,148,364,104,233,-1,-1,-1,-1
718,19,151,363,105,234,-1,-1,-1,-1
719,19,155,364,104,233,-1,-1,-1,-1
720,19,159,364,102,234,-1,-1,-1,-1
721,19,164,364,98,234,-1,-1,-1,-1
722,19,168,364,95,234,-1,-1,-1,-1
723,19,172,364,93,235,-1,-1,-1,-1
724,19,175,363,92,236,-1,-1,-1,-1
725,19,179,363,90,236,-1,-1,-1,-1
726,19,182,363,88,236,-1,-1,-1,-1
727,19,186,363,86,237,-1,-1,-1,-1
728,19,190,363,84,237,-1,-1,-1,-1
729,19,193,363,82,237,-1,-1,-1,-1
730,19,195,364,82,238,-1,-1,-1,-1
731,19,196,363,82,238,-1,-1,-1,-1
732,19,197,363,83,239,-1,-1,-1,-1
733,19,198,362,84,239,-1,-1,-1,-1
734,19,199,361,85,240,-1,-1,-1,-1
735,19,200,361,87,241,-1,-1,-1,-1
736,19,201,361,90,241,-1,-1,-1,-1
737,19,202,362,93,242,-1,-1,-1,-1
738,19,205,363,93,243,-1,-1,-1,-1
739,19,209,364,93,243,-1,-1,-1,-1
740,19,214,364,91,244,-1,-1,-1,-1
741,19,218,363,87,245,-1,-1,-1,-1
742,19,222,363,83,245,-1,-1,-1,-1
743,19,225,363,82,245,-1,-1,-1,-1
744,19,226,362,80,245,-1,-1,-1,-1
745,19,228,362,80,245,-1,-1,-1,-1
746,19,229,362,80,244,-1,-1,-1,-1
747,19,231,361,80,243,-1,-1,-1,-1
748,19,234,360,81,244,-1,-1,-1,-1
749,19,236,358,82,245,-1,-1,-1,-1
750,19,240,360,84,242,-1,-1,-1,-1
751,19,245,360,89,241,-1,-1,-1,-1
752,19,248,361,93,243,-1,-1,-1,-1
753,19,251,361,96,243,-1,-1,-1,-1
754,19,253,362,98,243,-1,-1,-1,-1
755,19,256,359,99,247,-1,-1,-1,-1
756,19,257,357,94,250,-1,-1,-1,-1
757,19,261,356,91,250,-1,-1,-1,-1
758,19,266,356,88,250,-1,-1,-1,-1
759,19,271,356,86,250,-1,-1,-1,-1
760,19,275,356,86,250,-1,-1,-1,-1
761,19,278,356,87,252,-1,-1,-1,-1
762,19,280,356,90,253,-1,-1,-1,-1
763,19,281,355,93,254,-1,-1,-1,-1
764,19,282,355,97,254,-1,-1,-1,-1
765,19,283,354,101,254,-1,-1,-1,-1
766,19,284,353,103,253,-1,-1,-1,-1
767,19,286,354,106,253,-1,-1,-1,-1
768,19,287,354,108,253,-1,-1,-1,-1
769,19,290,355,108,252,-1,-1,-1,-1
770,19,292,356,109,253,-1,-1,-1,-1
771,19,295,356,110,253,-1,-1,-1,-1
772,19,299,356,108,253,-1,-1,-1,-1
773,19,303,355,109,253,-1,-1,-1,-1
774,19,305,353,111,254,-1,-1,-1,-1
775,19,307,352,110,257,-1,-1,-1,-1
776,19,308,352,111,258,-1,-1,-1,-1
777,19,310,352,109,261,-1,-1,-1,-1
778,19,315,351,99,262,-1,-1,-1,-1
779,19,321,350,91,265,-1,-1,-1,-1
780,19,327,349,83,266,-1,-1,-1,-1
781,19,332,348,78,267,-1,-1,-1,-1
782,19,337,349,74,264,-1,-1,-1,-1
783,19,339,349,76,263,-1,-1,-1,-1
784,19,339,350,81,262,-1,-1,-1,-1
785,19,340,352,85,258,-1,-1,-1,-1
786,19,336,351,97,263,-1,-1,-1,-1
798,19,378,353,126,259,-1,-1,-1,-1
799,19,380,351,126,260,-1,-1,-1,-1
800,19,383,349,121,261,-1,-1,-1,-1
801,19,387,348,116,262,-1,-1,-1,-1
802,19,394,348,109,262,-1,-1,-1,-1
803,19,402,347,101,264,-1,-1,-1,-1
804,19,408,346,97,266,-1,-1,-1,-1
805,19,414,346,95,266,-1,-1,-1,-1
806,19,418,346,95,267,-1,-1,-1,-1
807,19,418,345,98,271,-1,-1,-1,-1
808,19,420,345,101,270,-1,-1,-1,-1
809,19,424,346,101,270,-1,-1,-1,-1
810,19,430,347,99,270,-1,-1,-1,-1
811,19,438,348,94,269,-1,-1,-1,-1
812,19,446,349,90,265,-1,-1,-1,-1
813,19,452,349,88,264,-1,-1,-1,-1
814,19,459,349,84,259,-1,-1,-1,-1
815,19,465,349,81,255,-1,-1,-1,-1
816,19,471,349,78,255,-1,-1,-1,-1
817,19,475,348,75,256,-1,-1,-1,-1
818,19,480,348,72,256,-1,-1,-1,-1
819,19,485,348,68,258,-1,-1,-1,-1
820,19,487,347,67,262,-1,-1,-1,-1
821,19,495,348,59,262,-1,-1,-1,-1
675,20,1,390,64,200,-1,-1,-1,-1
676,20,2,391,65,205,-1,-1,-1,-1
677,20,2,391,68,201,-1,-1,-1,-1
678,20,2,391,69,202,-1,-1,-1,-1
679,20,2,389,70,204,-1,-1,-1,-1
680,20,2,387,71,203,-1,-1,-1,-1
681,20,2,384,71,206,-1,-1,-1,-1
682,20,2,382,71,207,-1,-1,-1,-1
683,20,2,380,70,207,-1,-1,-1,-1
684,20,2,379,72,206,-1,-1,-1,-1
685,20,2,377,73,207,-1,-1,-1,-1
686,20,4,376,76,207,-1,-1,-1,-1
687,20,6,374,78,209,-1,-1,-1,-1
688,20,8,374,82,210,-1,-1,-1,-1
689,20,9,373,85,214,-1,-1,-1,-1
690,20,10,373,87,218,-1,-1,-1,-1
691,20,11,372,89,223,-1,-1,-1,-1
692,20,11,373,91,224,-1,-1,-1,-1
693,20,12,373,93,226,-1,-1,-1,-1
694,20,12,374,94,223,-1,-1,-1,-1
695,20,13,375,94,218,-1,-1,-1,-1
696,20,15,376,94,216,-1,-1,-1,-1
697,20,16,376,93,217,-1,-1,-1,-1
698,20,19,376,92,217,-1,-1,-1,-1
699,20,23,377,89,219,-1,-1,-1,-1
700,20,28,377,87,221,-1,-1,-1,-1
701,20,32,377,85,223,-1,-1,-1,-1
702,20,36,377,82,223,-1,-1,-1,-1
703,20,40,376,81,224,-1,-1,-1,-1
704,20,42,374,80,226,-1,-1,-1,-1
705,20,44,373,80,227,-1,-1,-1,-1
706,20,46,372,79,229,-1,-1,-1,-1
707,20,48,372,80,229,-1,-1,-1,-1
708,20,48,372,82,230,-1,-1,-1,-1
709,20,49,370,84,232,-1,-1,-1,-1
710,20,48,369,88,235,-1,-1,-1,-1
711,20,49,367,91,236,-1,-1,-1,-1
712,20,49,366,95,240,-1,-1,-1,-1
713,20,49,364,100,244,-1,-1,-1,-1
714,20,52,365,101,243,-1,-1,-1,-1
715,20,54,365,101,240,-1,-1,-1,-1
716,20,57,365,100,237,-1,-1,-1,-1
717,20,60,367,99,231,-1,-1,-1,-1
718,20,63,368,98,225,-1,-1,-1,-1
719,20,66,370,96,222,-1,-1,-1,-1
720,20,70,371,96,220,-1,-1,-1,-1
721,20,73,373,99,220,-1,-1,-1,-1
722,20,78,372,99,222,-1,-1,-1,-1
723,20,83,370,99,226,-1,-1,-1,-1
724,20,88,369,98,230,-1,-1,-1,-1
725,20,93,367,97,234,-1,-1,-1,-1
726,20,98,365,95,238,-1,-1,-1,-1
727,20,102,364,92,241,-1,-1,-1,-1
728,20,105,365,89,241,-1,-1,-1,-1
729,20,109,365,87,241,-1,-1,-1,-1
730,20,112,366,86,243,-1,-1,-1,-1
731,20,115,367,85,243,-1,-1,-1,-1
732,20,118,367,84,243,-1,-1,-1,-1
733,20,121,366,84,244,-1,-1,-1,-1
734,20,124,365,84,247,-1,-1,-1,-1
735,20,127,365,82,246,-1,-1,-1,-1
736,20,131,364,80,246,-1,-1,-1,-1
737,20,134,364,78,247,-1,-1,-1,-1
738,20,136,364,76,246,-1,-1,-1,-1
739,20,139,365,76,244,-1,-1,-1,-1
740,20,141,365,77,244,-1,-1,-1,-1
741,20,143,365,78,244,-1,-1,-1,-1
742,20,146,365,78,243,-1,-1,-1,-1
743,20,149,364,78,245,-1,-1,-1,-1
744,20,153,364,77,246,-1,-1,-1,-1
745,20,156,363,77,246,-1,-1,-1,-1
746,20,158,362,77,246,-1,-1,-1,-1
747,20,160,362,79,245,-1,-1,-1,-1
748,20,162,361,81,243,-1,-1,-1,-1
749,20,162,360,84,242,-1,-1,-1,-1
750,20,164,360,87,242,-1,-1,-1,-1
751,20,165,360,90,241,-1,-1,-1,-1
752,20,168,362,91,240,-1,-1,-1,-1
753,20,171,363,92,239,-1,-1,-1,-1
754,20,176,364,92,238,-1,-1,-1,-1
755,20,180,365,91,236,-1,-1,-1,-1
756,20,184,365,89,233,-1,-1,-1,-1
757,20,187,364,89,232,-1,-1,-1,-1
758,20,188,363,91,232,-1,-1,-1,-1
759,20,188,362,95,230,-1,-1,-1,-1
760,20,186,362,101,226,-1,-1,-1,-1
761,20,181,365,107,220,-1,-1,-1,-1
762,20,182,367,109,219,-1,-1,-1,-1
763,20,187,368,107,222,-1,-1,-1,-1
764,20,196,367,100,225,-1,-1,-1,-1
765,20,204,367,93,231,-1,-1,-1,-1
766,20,217,363,84,237,-1,-1,-1,-1
767,20,225,362,76,239,-1,-1,-1,-1
768,20,230,362,72,238,-1,-1,-1,-1
769,20,233,362,70,240,-1,-1,-1,-1
770,20,236,363,69,241,-1,-1,-1,-1
771,20,238,363,70,245,-1,-1,-1,-1
772,20,240,362,73,247,-1,-1,-1,-1
773,20,241,361,76,249,-1,-1,-1,-1
774,20,241,360,81,250,-1,-1,-1,-1
775,20,242,359,84,252,-1,-1,-1,-1
776,20,243,359,86,254,-1,-1,-1,-1
777,20,245,359,87,256,-1,-1,-1,-1
778,20,249,359,88,257,-1,-1,-1,-1
779,20,253,357,89,261,-1,-1,-1,-1
780,20,258,356,91,265,-1,-1,-1,-1
781,20,264,355,92,266,-1,-1,-1,-1
782,20,269,353,92,267,-1,-1,-1,-1
783,20,274,353,90,267,-1,-1,-1,-1
784,20,278,353,89,266,-1,-1,-1,-1
785,20,285,351,95,266,-1,-1,-1,-1
786,20,288,350,106,268,-1,-1,-1,-1
787,20,291,347,119,271,-1,-1,-1,-1
788,20,294,345,131,272,-1,-1,-1,-1
789,20,298,345,140,271,-1,-1,-1,-1
790,20,299,345,139,269,-1,-1,-1,-1
791,20,307,346,134,267,-1,-1,-1,-1
792,20,313,347,131,266,-1,-1,-1,-1
793,20,319,346,131,268,-1,-1,-1,-1
794,20,324,346,136,270,-1,-1,-1,-1
795,20,330,346,142,272,-1,-1,-1,-1
796,20,336,346,148,272,-1,-1,-1,-1
797,20,348,346,147,270,-1,-1,-1,-1
798,20,356,346,143,269,-1,-1,-1,-1
799,20,364,344,137,271,-1,-1,-1,-1
800,20,368,344,125,270,-1,-1,-1,-1
801,20,368,345,111,268,-1,-1,-1,-1
802,20,364,346,100,269,-1,-1,-1,-1
803,20,364,347,89,268,-1,-1,-1,-1
804,20,364,348,83,265,-1,-1,-1,-1
805,20,365,348,79,265,-1,-1,-1,-1
806,20,369,347,79,269,-1,-1,-1,-1
807,20,372,345,79,273,-1,-1,-1,-1
808,20,374,344,79,274,-1,-1,-1,-1
809,20,377,345,78,277,-1,-1,-1,-1
810,20,382,347,80,279,-1,-1,-1,-1
811,20,384,346,82,280,-1,-1,-1,-1
812,20,387,347,86,278,-1,-1,-1,-1
813,20,389,346,90,279,-1,-1,-1,-1
814,20,393,345,91,280,-1,-1,-1,-1
815,20,397,343,92,283,-1,-1,-1,-1
816,20,401,343,96,286,-1,-1,-1,-1
817,20,406,341,99,288,-1,-1,-1,-1
818,20,412,341,99,291,-1,-1,-1,-1
819,20,416,340,101,291,-1,-1,-1,-1
820,20,420,339,104,292,-1,-1,-1,-1
821,20,425,338,105,291,-1,-1,-1,-1
822,20,429,338,106,290,-1,-1,-1,-1
823,20,433,338,109,290,-1,-1,-1,-1
824,20,436,339,110,288,-1,-1,-1,-1
825,20,439,339,111,284,-1,-1,-1,-1
826,20,442,340,111,279,-1,-1,-1,-1
827,20,445,340,110,278,-1,-1,-1,-1
828,20,448,340,108,276,-1,-1,-1,-1
829,20,451,340,106,276,-1,-1,-1,-1
830,20,455,341,103,279,-1,-1,-1,-1
831,20,459,339,101,287,-1,-1,-1,-1
832,20,462,339,100,289,-1,-1,-1,-1
833,20,468,340,97,288,-1,-1,-1,-1
834,20,472,340,97,290,-1,-1,-1,-1
835,20,480,345,92,278,-1,-1,-1,-1
686,21,1449,315,110,243,-1,-1,-1,-1
687,21,1424,312,132,250,-1,-1,-1,-1
688,21,1400,313,142,246,-1,-1,-1,-1
689,21,1376,314,152,246,-1,-1,-1,-1
690,21,1354,316,156,244,-1,-1,-1,-1
691,21,1330,318,158,242,-1,-1,-1,-1
692,21,1306,320,158,240,-1,-1,-1,-1
693,21,1283,322,158,240,-1,-1,-1,-1
694,21,1260,324,158,237,-1,-1,-1,-1
695,21,1237,325,158,235,-1,-1,-1,-1
696,21,1215,326,155,235,-1,-1,-1,-1
697,21,1196,327,151,235,-1,-1,-1,-1
698,21,1177,328,147,236,-1,-1,-1,-1
699,21,1158,328,143,238,-1,-1,-1,-1
700,21,1143,329,135,238,-1,-1,-1,-1
701,21,1131,332,125,238,-1,-1,-1,-1
702,21,1122,337,111,229,-1,-1,-1,-1
703,21,1115,343,94,224,-1,-1,-1,-1
704,21,1114,358,71,195,-1,-1,-1,-1
736,22,470,361,94,199,-1,-1,-1,-1
737,22,459,362,104,207,-1,-1,-1,-1
738,22,448,363,107,206,-1,-1,-1,-1
739,22,435,365,112,207,-1,-1,-1,-1
740,22,421,366,114,205,-1,-1,-1,-1
741,22,410,367,113,203,-1,-1,-1,-1
742,22,397,369,113,199,-1,-1,-1,-1
743,22,382,369,114,198,-1,-1,-1,-1
744,22,370,372,114,194,-1,-1,-1,-1
745,22,356,374,113,192,-1,-1,-1,-1
746,22,345,376,111,189,-1,-1,-1,-1
747,22,334,378,108,187,-1,-1,-1,-1
748,22,327,380,102,185,-1,-1,-1,-1
749,22,320,379,96,185,-1,-1,-1,-1
750,22,316,381,88,184,-1,-1,-1,-1
751,22,310,382,80,182,-1,-1,-1,-1
752,22,307,384,71,182,-1,-1,-1,-1
765,23,153,381,81,171,-1,-1,-1,-1
766,23,142,385,85,166,-1,-1,-1,-1
767,23,133,387,85,161,-1,-1,-1,-1
768,23,124,389,85,157,-1,-1,-1,-1
769,23,117,389,83,155,-1,-1,-1,-1
770,23,109,390,82,154,-1,-1,-1,-1
771,23,100,389,81,154,-1,-1,-1,-1
772,23,93,389,81,154,-1,-1,-1,-1
773,23,85,389,82,155,-1,-1,-1,-1
774,23,77,389,82,154,-1,-1,-1,-1
775,23,68,389,83,154,-1,-1,-1,-1
776,23,61,389,83,156,-1,-1,-1,-1
777,23,53,389,84,157,-1,-1,-1,-1
778,23,45,390,83,157,-1,-1,-1,-1
779,23,37,390,84,158,-1,-1,-1,-1
780,23,31,389,83,159,-1,-1,-1,-1
781,23,24,390,82,159,-1,-1,-1,-1
782,23,18,391,81,159,-1,-1,-1,-1
783,23,13,391,80,159,-1,-1,-1,-1
784,23,9,393,77,159,-1,-1,-1,-1
785,23,7,395,72,157,-1,-1,-1,-1
786,23,5,397,67,155,-1,-1,-1,-1
787,23,3,397,63,155,-1,-1,-1,-1
788,23,2,399,57,154,-1,-1,-1,-1
789,23,1,400,53,153,-1,-1,-1,-1
790,23,0,403,51,149,-1,-1,-1,-1
835,24,1494,312,65,294,-1,-1,-1,-1
836,24,1478,311,80,289,-1,-1,-1,-1
837,24,1469,315,90,270,-1,-1,-1,-1
838,24,1456,316,102,267,-1,-1,-1,-1
839,24,1447,317,111,265,-1,-1,-1,-1
840,24,1439,318,119,264,-1,-1,-1,-1
841,24,1435,318,123,263,-1,-1,-1,-1
842,24,1428,317,127,280,-1,-1,-1,-1
843,24,1425,317,125,281,-1,-1,-1,-1
844,24,1422,318,121,281,-1,-1,-1,-1
845,24,1420,317,115,283,-1,-1,-1,-1
846,24,1414,316,111,284,-1,-1,-1,-1
847,24,1406,315,110,285,-1,-1,-1,-1
848,24,1399,315,110,284,-1,-1,-1,-1
849,24,1385,315,119,283,-1,-1,-1,-1
850,24,1366,315,136,283,-1,-1,-1,-1
851,24,1349,317,150,280,-1,-1,-1,-1
852,24,1336,318,162,277,-1,-1,-1,-1
853,24,1323,318,172,277,-1,-1,-1,-1
854,24,1316,319,176,276,-1,-1,-1,-1
855,24,1314,320,172,276,-1,-1,-1,-1
856,24,1313,320,163,278,-1,-1,-1,-1
857,24,1308,321,156,278,-1,-1,-1,-1
858,24,1303,319,148,280,-1,-1,-1,-1
859,24,1297,319,140,280,-1,-1,-1,-1
860,24,1291,319,131,279,-1,-1,-1,-1
861,24,1284,318,127,278,-1,-1,-1,-1
862,24,1276,318,124,279,-1,-1,-1,-1
863,24,1268,320,124,275,-1,-1,-1,-1
864,24,1261,321,126,273,-1,-1,-1,-1
865,24,1252,322,130,273,-1,-1,-1,-1
866,24,1241,324,139,272,-1,-1,-1,-1
867,24,1232,324,149,271,-1,-1,-1,-1
868,24,1225,325,154,272,-1,-1,-1,-1
869,24,1220,326,155,274,-1,-1,-1,-1
870,24,1215,325,148,275,-1,-1,-1,-1
871,24,1214,324,137,276,-1,-1,-1,-1
872,24,1212,324,125,276,-1,-1,-1,-1
873,24,1209,324,114,276,-1,-1,-1,-1
874,24,1204,323,106,276,-1,-1,-1,-1
875,24,1198,323,104,275,-1,-1,-1,-1
876,24,1192,324,104,273,-1,-1,-1,-1
877,24,1186,324,104,273,-1,-1,-1,-1
878,24,1178,324,108,274,-1,-1,-1,-1
879,24,1169,325,114,274,-1,-1,-1,-1
880,24,1161,325,120,273,-1,-1,-1,-1
881,24,1153,325,127,273,-1,-1,-1,-1
882,24,1145,327,130,272,-1,-1,-1,-1
883,24,1138,328,131,270,-1,-1,-1,-1
884,24,1133,328,129,270,-1,-1,-1,-1
885,24,1129,329,126,269,-1,-1,-1,-1
886,24,1124,329,121,268,-1,-1,-1,-1
887,24,1119,328,119,266,-1,-1,-1,-1
888,24,1114,327,116,269,-1,-1,-1,-1
889,24,1111,326,111,268,-1,-1,-1,-1
890,24,1108,325,104,268,-1,-1,-1,-1
891,24,1105,326,98,266,-1,-1,-1,-1
892,24,1103,327,92,264,-1,-1,-1,-1
893,24,1104,331,86,257,-1,-1,-1,-1
894,24,1103,337,85,250,-1,-1,-1,-1
895,24,1102,344,84,242,-1,-1,-1,-1
896,24,1103,353,82,233,-1,-1,-1,-1
897,24,1100,364,82,224,-1,-1,-1,-1
905,25,874,319,95,300,-1,-1,-1,-1
906,25,875,319,98,300,-1,-1,-1,-1
907,25,875,315,102,305,-1,-1,-1,-1
908,25,877,313,104,312,-1,-1,-1,-1
909,25,879,312,105,318,-1,-1,-1,-1
910,25,883,312,106,320,-1,-1,-1,-1
911,25,887,311,110,325,-1,-1,-1,-1
912,25,891,310,117,327,-1,-1,-1,-1
913,25,894,310,125,325,-1,-1,-1,-1
914,25,898,308,131,324,-1,-1,-1,-1
915,25,901,306,135,324,-1,-1,-1,-1
916,25,904,306,134,324,-1,-1,-1,-1
917,25,905,306,133,326,-1,-1,-1,-1
918,25,907,308,132,326,-1,-1,-1,-1
919,25,907,309,133,325,-1,-1,-1,-1
920,25,912,310,133,327,-1,-1,-1,-1
921,25,921,312,130,322,-1,-1,-1,-1
922,25,933,312,123,317,-1,-1,-1,-1
923,25,945,311,115,313,-1,-1,-1,-1
924,25,958,311,106,309,-1,-1,-1,-1
925,25,965,310,101,306,-1,-1,-1,-1
926,25,970,308,98,307,-1,-1,-1,-1
927,25,974,309,96,305,-1,-1,-1,-1
928,25,981,305,92,316,-1,-1,-1,-1
947,25,1118,315,98,326,-1,-1,-1,-1
948,25,1118,313,108,328,-1,-1,-1,-1
949,25,1118,308,117,329,-1,-1,-1,-1
950,25,1118,306,127,331,-1,-1,-1,-1
951,25,1118,302,139,332,-1,-1,-1,-1
952,25,1118,299,151,338,-1,-1,-1,-1
953,25,1120,297,162,342,-1,-1,-1,-1
954,25,1121,296,172,342,-1,-1,-1,-1
955,25,1124,295,180,343,-1,-1,-1,-1
956,25,1126,293,184,343,-1,-1,-1,-1
957,25,1131,292,180,343,-1,-1,-1,-1
958,25,1136,290,178,344,-1,-1,-1,-1
959,25,1142,286,175,351,-1,-1,-1,-1
960,25,1147,284,172,353,-1,-1,-1,-1
961,25,1154,283,170,354,-1,-1,-1,-1
962,25,1160,281,171,356,-1,-1,-1,-1
963,25,1166,281,168,355,-1,-1,-1,-1
964,25,1173,281,163,350,-1,-1,-1,-1
965,25,1181,281,159,346,-1,-1,-1,-1
966,25,1189,283,154,346,-1,-1,-1,-1
967,25,1196,284,154,346,-1,-1,-1,-1
968,25,1201,285,158,349,-1,-1,-1,-1
969,25,1208,288,164,348,-1,-1,-1,-1
970,25,1212,290,175,349,-1,-1,-1,-1
971,25,1215,289,189,348,-1,-1,-1,-1
972,25,1218,291,201,344,-1,-1,-1,-1
973,25,1222,293,209,341,-1,-1,-1,-1
974,25,1224,293,214,340,-1,-1,-1,-1
975,25,1230,292,211,341,-1,-1,-1,-1
976,25,1233,292,208,342,-1,-1,-1,-1
977,25,1239,291,203,344,-1,-1,-1,-1
978,25,1246,289,197,349,-1,-1,-1,-1
979,25,1255,287,191,353,-1,-1,-1,-1
980,25,1264,285,186,353,-1,-1,-1,-1
981,25,1276,284,178,353,-1,-1,-1,-1
982,25,1288,283,170,356,-1,-1,-1,-1
983,25,1291,285,159,350,-1,-1,-1,-1
984,25,1295,288,146,343,-1,-1,-1,-1
985,25,1297,290,135,339,-1,-1,-1,-1
986,25,1298,292,124,336,-1,-1,-1,-1
987,25,1300,296,116,330,-1,-1,-1,-1
988,25,1307,295,114,331,-1,-1,-1,-1
989,25,1312,293,116,333,-1,-1,-1,-1
990,25,1319,289,132,339,-1,-1,-1,-1
991,25,1323,288,137,341,-1,-1,-1,-1
992,25,1327,286,142,343,-1,-1,-1,-1
993,25,1331,284,158,344,-1,-1,-1,-1
994,25,1336,281,172,347,-1,-1,-1,-1
995,25,1339,282,173,345,-1,-1,-1,-1
996,25,1345,280,186,344,-1,-1,-1,-1
997,25,1350,281,190,343,-1,-1,-1,-1
998,25,1356,281,189,341,-1,-1,-1,-1
999,25,1362,283,183,337,-1,-1,-1,-1
1000,25,1368,284,190,335,-1,-1,-1,-1
986,26,487,360,78,234,-1,-1,-1,-1
987,26,481,363,83,236,-1,-1,-1,-1
988,26,471,363,92,236,-1,-1,-1,-1
989,26,463,365,99,234,-1,-1,-1,-1
990,26,456,367,107,231,-1,-1,-1,-1
991,26,450,367,112,231,-1,-1,-1,-1
992,26,446,369,115,229,-1,-1,-1,-1
993,26,442,371,111,227,-1,-1,-1,-1
994,26,440,371,101,227,-1,-1,-1,-1
995,26,437,370,94,228,-1,-1,-1,-1
996,26,433,370,87,227,-1,-1,-1,-1
997,26,428,368,80,229,-1,-1,-1,-1
998,26,423,365,80,231,-1,-1,-1,-1
999,26,417,364,85,233,-1,-1,-1,-1
1000,26,412,363,89,236,-1,-1,-1,-1
112,7,1093,352,85,233,-1,-1,-1,-1
113,7,1082,353,83,234,-1,-1,-1,-1
114,7,1071,355,81,234,-1,-1,-1,-1
115,7,1059,356,80,235,-1,-1,-1,-1
116,7,1048,358,78,236,-1,-1,-1,-1
117,7,1037,359,76,236,-1,-1,-1,-1
118,7,1025,360,75,237,-1,-1,-1,-1
119,7,1014,362,73,237,-1,-1,-1,-1
120,7,1003,363,71,238,-1,-1,-1,-1
171,8,613,82,484,982,-1,-1,-1,-1
172,8,654,79,492,981,-1,-1,-1,-1
176,8,811,47,545,1018,-1,-1,-1,-1
201,13,401,388,87,181,-1,-1,-1,-1
202,13,395,388,85,181,-1,-1,-1,-1
203,13,390,388,83,181,-1,-1,-1,-1
204,13,384,388,81,181,-1,-1,-1,-1
205,13,379,388,78,181,-1,-1,-1,-1
206,13,373,388,76,181,-1,-1,-1,-1
207,13,368,388,74,181,-1,-1,-1,-1
208,13,362,388,72,181,-1,-1,-1,-1
209,13,356,388,70,181,-1,-1,-1,-1
210,13,351,388,67,181,-1,-1,-1,-1
211,13,345,388,65,181,-1,-1,-1,-1
212,13,340,388,63,181,-1,-1,-1,-1
213,13,334,388,61,181,-1,-1,-1,-1
207,14,439,381,77,155,-1,-1,-1,-1
208,14,434,382,76,156,-1,-1,-1,-1
209,14,429,383,75,157,-1,-1,-1,-1
210,14,424,384,74,158,-1,-1,-1,-1
211,14,418,385,73,159,-1,-1,-1,-1
212,14,413,386,72,160,-1,-1,-1,-1
213,14,408,387,70,160,-1,-1,-1,-1
214,14,403,388,69,161,-1,-1,-1,-1
215,14,397,389,68,162,-1,-1,-1,-1
216,14,392,390,67,163,-1,-1,-1,-1
217,14,387,391,66,164,-1,-1,-1,-1
218,14,382,392,65,165,-1,-1,-1,-1
271,16,1426,349,73,177,-1,-1,-1,-1
272,16,1417,350,74,179,-1,-1,-1,-1
273,16,1408,350,75,181,-1,-1,-1,-1
274,16,1399,351,77,182,-1,-1,-1,-1
275,16,1390,351,78,184,-1,-1,-1,-1
276,16,1381,352,79,186,-1,-1,-1,-1
277,16,1372,352,80,188,-1,-1,-1,-1
278,16,1363,353,82,189,-1,-1,-1,-1
279,16,1354,353,83,191,-1,-1,-1,-1
280,16,1345,354,84,193,-1,-1,-1,-1
787,19,339,351,99,262,-1,-1,-1,-1
788,19,343,351,101,262,-1,-1,-1,-1
789,19,346,351,104,262,-1,-1,-1,-1
790,19,350,351,106,261,-1,-1,-1,-1
791,19,353,351,109,261,-1,-1,-1,-1
792,19,357,352,111,261,-1,-1,-1,-1
793,19,360,352,113,260,-1,-1,-1,-1
794,19,364,352,116,260,-1,-1,-1,-1
795,19,367,352,118,260,-1,-1,-1,-1
796,19,371,352,121,259,-1,-1,-1,-1
797,19,374,352,123,259,-1,-1,-1,-1
