1,1,406,380,87,213,-1,-1,-1,-1
2,1,407,381,88,213,-1,-1,-1,-1
3,1,410,381,88,213,-1,-1,-1,-1
4,1,414,381,88,214,-1,-1,-1,-1
5,1,421,382,86,213,-1,-1,-1,-1
6,1,427,382,85,212,-1,-1,-1,-1
7,1,432,381,84,212,-1,-1,-1,-1
8,1,439,379,85,212,-1,-1,-1,-1
9,1,444,380,87,212,-1,-1,-1,-1
10,1,447,380,91,213,-1,-1,-1,-1
11,1,451,380,96,214,-1,-1,-1,-1
12,1,453,380,99,215,-1,-1,-1,-1
13,1,455,381,103,216,-1,-1,-1,-1
14,1,457,382,104,216,-1,-1,-1,-1
15,1,460,382,101,215,-1,-1,-1,-1
16,1,464,382,96,214,-1,-1,-1,-1
17,1,471,378,91,215,-1,-1,-1,-1
18,1,477,375,85,216,-1,-1,-1,-1
19,1,483,375,79,216,-1,-1,-1,-1
20,1,488,375,74,216,-1,-1,-1,-1
21,1,493,376,71,213,-1,-1,-1,-1
22,1,498,379,67,207,-1,-1,-1,-1
23,1,503,383,63,199,-1,-1,-1,-1
24,1,505,383,58,198,-1,-1,-1,-1
1,2,281,376,100,236,-1,-1,-1,-1
2,2,283,377,100,235,-1,-1,-1,-1
3,2,285,377,102,233,-1,-1,-1,-1
4,2,287,376,105,232,-1,-1,-1,-1
5,2,289,376,111,233,-1,-1,-1,-1
6,2,292,377,114,234,-1,-1,-1,-1
7,2,296,376,115,235,-1,-1,-1,-1
8,2,300,377,115,235,-1,-1,-1,-1
9,2,304,378,115,236,-1,-1,-1,-1
10,2,308,378,115,238,-1,-1,-1,-1
11,2,313,378,112,241,-1,-1,-1,-1
12,2,320,376,106,241,-1,-1,-1,-1
13,2,328,375,98,241,-1,-1,-1,-1
14,2,336,373,93,243,-1,-1,-1,-1
15,2,344,371,93,244,-1,-1,-1,-1
16,2,350,371,99,244,-1,-1,-1,-1
17,2,352,372,104,243,-1,-1,-1,-1
18,2,351,374,108,243,-1,-1,-1,-1
19,2,351,377,113,241,-1,-1,-1,-1
20,2,354,380,117,239,-1,-1,-1,-1
21,2,360,381,119,239,-1,-1,-1,-1
22,2,367,381,118,241,-1,-1,-1,-1
23,2,372,380,116,243,-1,-1,-1,-1
24,2,379,379,111,243,-1,-1,-1,-1
25,2,389,377,105,244,-1,-1,-1,-1
26,2,399,376,102,246,-1,-1,-1,-1
27,2,407,375,102,246,-1,-1,-1,-1
28,2,414,373,104,244,-1,-1,-1,-1
29,2,419,373,109,243,-1,-1,-1,-1
30,2,424,373,112,245,-1,-1,-1,-1
31,2,427,372,114,245,-1,-1,-1,-1
32,2,431,373,115,245,-1,-1,-1,-1
33,2,435,373,116,245,-1,-1,-1,-1
34,2,439,373,116,245,-1,-1,-1,-1
35,2,443,374,114,242,-1,-1,-1,-1
36,2,447,376,111,240,-1,-1,-1,-1
37,2,452,377,108,241,-1,-1,-1,-1
38,2,460,377,104,242,-1,-1,-1,-1
39,2,469,374,99,242,-1,-1,-1,-1
40,2,478,371,92,241,-1,-1,-1,-1
41,2,485,370,86,240,-1,-1,-1,-1
42,2,491,371,80,241,-1,-1,-1,-1
43,2,495,371,76,240,-1,-1,-1,-1
44,2,498,369,73,240,-1,-1,-1,-1
45,2,503,364,71,243,-1,-1,-1,-1
46,2,506,368,68,241,-1,-1,-1,-1
70,3,1503,345,55,248,-1,-1,-1,-1
71,3,1494,343,64,252,-1,-1,-1,-1
72,3,1475,333,83,262,-1,-1,-1,-1
73,3,1450,330,108,266,-1,-1,-1,-1
74,3,1437,331,121,267,-1,-1,-1,-1
75,3,1432,329,125,269,-1,-1,-1,-1
76,3,1430,325,127,268,-1,-1,-1,-1
77,3,1427,323,129,270,-1,-1,-1,-1
78,3,1425,322,129,273,-1,-1,-1,-1
79,3,1433,317,125,277,-1,-1,-1,-1
80,3,1446,311,113,279,-1,-1,-1,-1
81,3,1449,309,102,278,-1,-1,-1,-1
82,3,1443,310,97,274,-1,-1,-1,-1
83,3,1435,313,97,270,-1,-1,-1,-1
84,3,1425,317,99,268,-1,-1,-1,-1
85,3,1414,321,105,266,-1,-1,-1,-1
86,3,1399,323,113,265,-1,-1,-1,-1
87,3,1388,325,120,267,-1,-1,-1,-1
88,3,1378,327,126,270,-1,-1,-1,-1
89,3,1364,327,132,272,-1,-1,-1,-1
90,3,1345,327,138,274,-1,-1,-1,-1
91,3,1322,328,143,272,-1,-1,-1,-1
92,3,1310,325,142,269,-1,-1,-1,-1
93,3,1307,321,131,270,-1,-1,-1,-1
94,3,1306,320,114,270,-1,-1,-1,-1
95,3,1303,322,101,266,-1,-1,-1,-1
96,3,1286,326,99,263,-1,-1,-1,-1
97,3,1261,331,107,261,-1,-1,-1,-1
98,3,1253,334,117,261,-1,-1,-1,-1
99,3,1230,338,130,259,-1,-1,-1,-1
100,3,1198,343,137,253,-1,-1,-1,-1
101,3,1170,347,134,249,-1,-1,-1,-1
102,3,1157,348,125,247,-1,-1,-1,-1
103,3,1150,346,115,247,-1,-1,-1,-1
104,3,1144,343,104,247,-1,-1,-1,-1
105,3,1140,341,95,247,-1,-1,-1,-1
106,3,1134,340,90,247,-1,-1,-1,-1
107,3,1124,342,88,246,-1,-1,-1,-1
108,3,1117,343,87,245,-1,-1,-1,-1
109,3,1113,344,87,247,-1,-1,-1,-1
110,3,1108,345,86,246,-1,-1,-1,-1
111,3,1104,347,86,240,-1,-1,-1,-1
80,4,1404,320,99,275,-1,-1,-1,-1
81,4,1397,323,98,270,-1,-1,-1,-1
82,4,1383,324,100,270,-1,-1,-1,-1
83,4,1366,325,109,269,-1,-1,-1,-1
84,4,1346,327,127,268,-1,-1,-1,-1
85,4,1325,331,142,265,-1,-1,-1,-1
86,4,1310,335,147,262,-1,-1,-1,-1
87,4,1302,334,148,262,-1,-1,-1,-1
88,4,1296,335,144,262,-1,-1,-1,-1
89,4,1288,335,132,263,-1,-1,-1,-1
90,4,1284,332,125,265,-1,-1,-1,-1
101,4,1228,336,139,260,-1,-1,-1,-1
102,4,1222,337,141,257,-1,-1,-1,-1
103,4,1215,339,138,254,-1,-1,-1,-1
104,4,1212,339,124,251,-1,-1,-1,-1
105,4,1208,336,113,254,-1,-1,-1,-1
106,4,1201,332,103,257,-1,-1,-1,-1
107,4,1193,329,93,256,-1,-1,-1,-1
108,4,1184,328,88,255,-1,-1,-1,-1
109,4,1176,332,88,255,-1,-1,-1,-1
110,4,1168,334,91,257,-1,-1,-1,-1
111,4,1155,333,99,258,-1,-1,-1,-1
112,4,1138,333,110,257,-1,-1,-1,-1
113,4,1125,335,120,255,-1,-1,-1,-1
114,4,1116,341,126,252,-1,-1,-1,-1
115,4,1111,345,127,251,-1,-1,-1,-1
116,4,1106,346,124,253,-1,-1,-1,-1
117,4,1100,347,119,257,-1,-1,-1,-1
118,4,1095,352,110,261,-1,-1,-1,-1
119,4,1097,356,98,263,-1,-1,-1,-1
120,4,1101,356,90,264,-1,-1,-1,-1
121,4,1105,355,86,267,-1,-1,-1,-1
122,4,1109,355,85,269,-1,-1,-1,-1
123,4,1113,354,85,269,-1,-1,-1,-1
124,4,1116,353,86,271,-1,-1,-1,-1
125,4,1118,351,90,277,-1,-1,-1,-1
126,4,1120,349,98,287,-1,-1,-1,-1
127,4,1121,345,106,296,-1,-1,-1,-1
128,4,1117,345,109,299,-1,-1,-1,-1
129,4,1119,347,108,297,-1,-1,-1,-1
130,4,1139,345,117,293,-1,-1,-1,-1
131,4,1161,345,122,289,-1,-1,-1,-1
132,4,1178,348,119,284,-1,-1,-1,-1
133,4,1187,347,115,283,-1,-1,-1,-1
134,4,1196,347,107,281,-1,-1,-1,-1
135,4,1209,349,96,275,-1,-1,-1,-1
136,4,1226,351,78,268,-1,-1,-1,-1
137,4,1231,348,76,272,-1,-1,-1,-1
84,5,867,346,81,245,-1,-1,-1,-1
85,5,866,350,90,242,-1,-1,-1,-1
86,5,865,352,105,243,-1,-1,-1,-1
87,5,867,353,113,246,-1,-1,-1,-1
88,5,868,354,116,246,-1,-1,-1,-1
89,5,869,352,117,247,-1,-1,-1,-1
90,5,871,353,118,248,-1,-1,-1,-1
91,5,874,356,118,249,-1,-1,-1,-1
92,5,879,358,117,251,-1,-1,-1,-1
93,5,889,359,113,253,-1,-1,-1,-1
94,5,901,360,106,254,-1,-1,-1,-1
95,5,911,359,99,255,-1,-1,-1,-1
96,5,907,356,93,258,-1,-1,-1,-1
97,5,898,356,88,260,-1,-1,-1,-1
98,5,926,356,88,258,-1,-1,-1,-1
99,5,947,357,91,256,-1,-1,-1,-1
100,5,952,358,95,258,-1,-1,-1,-1
101,5,957,358,98,262,-1,-1,-1,-1
102,5,962,358,96,266,-1,-1,-1,-1
103,5,967,357,92,270,-1,-1,-1,-1
104,5,971,355,88,272,-1,-1,-1,-1
105,5,978,353,84,273,-1,-1,-1,-1
106,5,997,351,74,272,-1,-1,-1,-1
107,5,1004,352,67,269,-1,-1,-1,-1
121,5,984,360,81,243,-1,-1,-1,-1
122,5,971,353,99,250,-1,-1,-1,-1
123,5,956,350,114,255,-1,-1,-1,-1
124,5,946,351,118,252,-1,-1,-1,-1
125,5,941,353,117,241,-1,-1,-1,-1
126,5,937,353,115,235,-1,-1,-1,-1
127,5,933,354,111,234,-1,-1,-1,-1
128,5,926,353,105,235,-1,-1,-1,-1
129,5,919,351,97,235,-1,-1,-1,-1
130,5,914,349,89,236,-1,-1,-1,-1
131,5,908,351,87,235,-1,-1,-1,-1
132,5,898,353,86,233,-1,-1,-1,-1
133,5,889,355,87,229,-1,-1,-1,-1
134,5,881,354,90,227,-1,-1,-1,-1
135,5,873,352,93,224,-1,-1,-1,-1
136,5,867,351,92,221,-1,-1,-1,-1
137,5,865,355,87,218,-1,-1,-1,-1
138,5,869,359,82,219,-1,-1,-1,-1
98,6,869,352,89,275,-1,-1,-1,-1
99,6,872,355,93,272,-1,-1,-1,-1
100,6,876,355,95,270,-1,-1,-1,-1
101,6,881,355,97,272,-1,-1,-1,-1
102,6,887,357,99,273,-1,-1,-1,-1
103,6,894,360,103,275,-1,-1,-1,-1
104,6,901,359,106,277,-1,-1,-1,-1
105,6,907,356,110,278,-1,-1,-1,-1
106,6,915,355,111,279,-1,-1,-1,-1
107,6,923,354,113,282,-1,-1,-1,-1
108,6,930,351,114,284,-1,-1,-1,-1
109,6,935,348,113,287,-1,-1,-1,-1
110,6,940,346,113,289,-1,-1,-1,-1
111,6,947,346,111,290,-1,-1,-1,-1
112,6,955,346,107,292,-1,-1,-1,-1
113,6,960,346,103,293,-1,-1,-1,-1
114,6,964,349,101,293,-1,-1,-1,-1
115,6,969,352,100,292,-1,-1,-1,-1
116,6,977,354,98,289,-1,-1,-1,-1
117,6,995,355,103,282,-1,-1,-1,-1
129,6,987,348,79,225,-1,-1,-1,-1
130,6,984,347,78,229,-1,-1,-1,-1
131,6,979,350,79,232,-1,-1,-1,-1
132,6,972,350,82,232,-1,-1,-1,-1
133,6,963,348,87,234,-1,-1,-1,-1
134,6,954,346,88,236,-1,-1,-1,-1
135,6,946,345,88,238,-1,-1,-1,-1
136,6,937,346,90,238,-1,-1,-1,-1
137,6,927,347,95,238,-1,-1,-1,-1
138,6,914,348,104,239,-1,-1,-1,-1
139,6,900,349,115,239,-1,-1,-1,-1
140,6,890,349,122,238,-1,-1,-1,-1
141,6,882,350,126,237,-1,-1,-1,-1
142,6,875,350,127,236,-1,-1,-1,-1
143,6,868,352,124,234,-1,-1,-1,-1
144,6,865,351,116,229,-1,-1,-1,-1
145,6,864,346,98,225,-1,-1,-1,-1
146,6,865,343,89,225,-1,-1,-1,-1
127,7,1,418,149,295,-1,-1,-1,-1
128,7,1,409,151,347,-1,-1,-1,-1
129,7,1,396,153,450,-1,-1,-1,-1
130,7,0,383,152,554,-1,-1,-1,-1
131,7,0,362,147,645,-1,-1,-1,-1
132,7,0,301,145,723,-1,-1,-1,-1
133,7,0,262,145,755,-1,-1,-1,-1
134,7,1,254,172,803,-1,-1,-1,-1
135,7,1,243,190,828,-1,-1,-1,-1
136,7,1,230,214,847,-1,-1,-1,-1
137,7,1,224,238,854,-1,-1,-1,-1
138,7,1,218,253,858,-1,-1,-1,-1
139,7,3,206,261,866,-1,-1,-1,-1
140,7,6,202,272,867,-1,-1,-1,-1
141,7,7,205,284,861,-1,-1,-1,-1
142,7,8,208,300,861,-1,-1,-1,-1
143,7,11,204,318,867,-1,-1,-1,-1
144,7,14,201,338,873,-1,-1,-1,-1
145,7,16,194,362,880,-1,-1,-1,-1
146,7,18,183,390,887,-1,-1,-1,-1
147,7,22,177,413,892,-1,-1,-1,-1
148,7,29,172,431,894,-1,-1,-1,-1
149,7,45,164,454,902,-1,-1,-1,-1
150,7,57,156,479,913,-1,-1,-1,-1
151,7,72,156,493,919,-1,-1,-1,-1
152,7,94,157,503,920,-1,-1,-1,-1
153,7,112,158,512,917,-1,-1,-1,-1
154,7,135,160,531,911,-1,-1,-1,-1
155,7,156,160,548,907,-1,-1,-1,-1
156,7,178,155,545,915,-1,-1,-1,-1
157,7,204,147,525,923,-1,-1,-1,-1
158,7,234,143,516,926,-1,-1,-1,-1
159,7,255,143,513,930,-1,-1,-1,-1
160,7,271,141,501,935,-1,-1,-1,-1
161,7,301,132,491,941,-1,-1,-1,-1
162,7,336,115,482,950,-1,-1,-1,-1
163,7,365,103,481,958,-1,-1,-1,-1
164,7,387,94,491,965,-1,-1,-1,-1
165,7,408,87,497,965,-1,-1,-1,-1
166,7,439,85,495,966,-1,-1,-1,-1
167,7,466,87,491,974,-1,-1,-1,-1
168,7,497,88,484,980,-1,-1,-1,-1
169,7,529,86,480,986,-1,-1,-1,-1
170,7,568,83,475,991,-1,-1,-1,-1
173,7,701,75,489,976,-1,-1,-1,-1
174,7,744,72,498,982,-1,-1,-1,-1
175,7,784,67,509,993,-1,-1,-1,-1
178,7,890,27,562,1034,-1,-1,-1,-1
179,7,931,20,579,1049,-1,-1,-1,-1
180,7,968,28,569,1049,-1,-1,-1,-1
181,7,1009,33,548,1043,-1,-1,-1,-1
182,7,1052,29,519,1040,-1,-1,-1,-1
183,7,1093,26,483,1038,-1,-1,-1,-1
184,7,1163,25,421,1016,-1,-1,-1,-1
185,7,1203,21,383,1010,-1,-1,-1,-1
131,8,1118,352,98,294,-1,-1,-1,-1
132,8,1120,349,105,299,-1,-1,-1,-1
133,8,1123,344,109,301,-1,-1,-1,-1
134,8,1129,342,112,296,-1,-1,-1,-1
135,8,1134,338,119,297,-1,-1,-1,-1
136,8,1143,338,123,300,-1,-1,-1,-1
137,8,1152,340,125,302,-1,-1,-1,-1
138,8,1161,338,129,305,-1,-1,-1,-1
139,8,1173,333,139,310,-1,-1,-1,-1
140,8,1180,331,146,313,-1,-1,-1,-1
141,8,1182,333,145,314,-1,-1,-1,-1
142,8,1188,335,141,313,-1,-1,-1,-1
143,8,1197,336,141,311,-1,-1,-1,-1
144,8,1206,335,140,311,-1,-1,-1,-1
145,8,1218,333,150,312,-1,-1,-1,-1
146,8,1226,330,166,312,-1,-1,-1,-1
147,8,1231,327,180,311,-1,-1,-1,-1
148,8,1235,326,189,309,-1,-1,-1,-1
149,8,1241,325,193,310,-1,-1,-1,-1
150,8,1250,328,193,314,-1,-1,-1,-1
151,8,1260,328,189,320,-1,-1,-1,-1
152,8,1267,328,186,324,-1,-1,-1,-1
153,8,1274,327,188,324,-1,-1,-1,-1
154,8,1281,328,190,323,-1,-1,-1,-1
155,8,1290,328,190,322,-1,-1,-1,-1
156,8,1297,329,187,320,-1,-1,-1,-1
157,8,1307,328,183,320,-1,-1,-1,-1
158,8,1318,329,183,320,-1,-1,-1,-1
159,8,1327,330,187,321,-1,-1,-1,-1
160,8,1329,328,197,323,-1,-1,-1,-1
161,8,1331,328,209,323,-1,-1,-1,-1
162,8,1337,328,215,322,-1,-1,-1,-1
163,8,1348,327,211,321,-1,-1,-1,-1
164,8,1365,326,199,321,-1,-1,-1,-1
165,8,1384,327,182,324,-1,-1,-1,-1
166,8,1399,326,167,326,-1,-1,-1,-1
167,8,1410,327,155,324,-1,-1,-1,-1
168,8,1417,326,146,323,-1,-1,-1,-1
169,8,1423,324,139,324,-1,-1,-1,-1
170,8,1426,324,134,327,-1,-1,-1,-1
171,8,1429,325,131,328,-1,-1,-1,-1
172,8,1431,324,128,325,-1,-1,-1,-1
173,8,1432,324,127,319,-1,-1,-1,-1
174,8,1435,328,124,312,-1,-1,-1,-1
175,8,1447,331,115,307,-1,-1,-1,-1
176,8,1462,333,103,304,-1,-1,-1,-1
177,8,1480,332,84,303,-1,-1,-1,-1
178,8,1491,334,74,305,-1,-1,-1,-1
145,9,0,725,105,353,-1,-1,-1,-1
146,9,0,719,122,359,-1,-1,-1,-1
147,9,0,748,140,330,-1,-1,-1,-1
148,9,0,766,158,312,-1,-1,-1,-1
149,9,2,767,176,311,-1,-1,-1,-1
150,9,7,767,195,311,-1,-1,-1,-1
151,9,12,770,218,309,-1,-1,-1,-1
152,9,14,772,244,306,-1,-1,-1,-1
153,9,13,774,270,304,-1,-1,-1,-1
154,9,17,776,294,301,-1,-1,-1,-1
155,9,31,778,315,300,-1,-1,-1,-1
156,9,52,783,327,296,-1,-1,-1,-1
157,9,74,790,335,290,-1,-1,-1,-1
158,9,97,797,341,284,-1,-1,-1,-1
159,9,124,800,340,280,-1,-1,-1,-1
160,9,155,803,335,276,-1,-1,-1,-1
161,9,187,809,331,271,-1,-1,-1,-1
162,9,220,816,327,265,-1,-1,-1,-1
163,9,256,825,322,257,-1,-1,-1,-1
164,9,296,831,315,251,-1,-1,-1,-1
165,9,334,832,309,248,-1,-1,-1,-1
166,9,373,833,303,246,-1,-1,-1,-1
167,9,413,843,295,238,-1,-1,-1,-1
168,9,458,859,282,226,-1,-1,-1,-1
169,9,506,869,268,215,-1,-1,-1,-1
170,9,554,876,257,206,-1,-1,-1,-1
171,9,603,880,246,201,-1,-1,-1,-1
172,9,666,882,238,197,-1,-1,-1,-1
173,9,696,878,237,199,-1,-1,-1,-1
157,10,5,388,75,166,-1,-1,-1,-1
158,10,6,387,80,168,-1,-1,-1,-1
159,10,8,385,84,166,-1,-1,-1,-1
160,10,10,383,86,164,-1,-1,-1,-1
161,10,12,383,88,169,-1,-1,-1,-1
162,10,19,383,89,173,-1,-1,-1,-1
163,10,26,382,90,173,-1,-1,-1,-1
164,10,30,381,93,171,-1,-1,-1,-1
165,10,33,381,96,170,-1,-1,-1,-1
166,10,38,382,97,168,-1,-1,-1,-1
167,10,45,383,97,165,-1,-1,-1,-1
168,10,53,383,98,169,-1,-1,-1,-1
169,10,58,382,98,176,-1,-1,-1,-1
170,10,66,381,96,180,-1,-1,-1,-1
171,10,75,379,94,179,-1,-1,-1,-1
172,10,83,380,94,178,-1,-1,-1,-1
173,10,87,380,96,180,-1,-1,-1,-1
174,10,89,379,97,181,-1,-1,-1,-1
175,10,95,379,99,180,-1,-1,-1,-1
176,10,103,380,101,177,-1,-1,-1,-1
177,10,109,380,101,178,-1,-1,-1,-1
178,10,115,376,99,178,-1,-1,-1,-1
179,10,120,373,94,175,-1,-1,-1,-1
180,10,130,374,94,175,-1,-1,-1,-1
181,10,139,375,96,178,-1,-1,-1,-1
182,10,143,374,96,183,-1,-1,-1,-1
183,10,147,371,93,181,-1,-1,-1,-1
184,10,156,372,95,179,-1,-1,-1,-1
185,10,162,375,101,183,-1,-1,-1,-1
186,10,169,372,104,186,-1,-1,-1,-1
187,10,180,369,105,182,-1,-1,-1,-1
188,10,192,369,105,178,-1,-1,-1,-1
189,10,201,370,104,179,-1,-1,-1,-1
190,10,208,369,104,181,-1,-1,-1,-1
191,10,216,367,102,183,-1,-1,-1,-1
192,10,224,365,99,181,-1,-1,-1,-1
193,10,231,362,93,174,-1,-1,-1,-1
194,10,240,362,91,170,-1,-1,-1,-1
195,10,248,364,89,169,-1,-1,-1,-1
196,10,256,366,87,173,-1,-1,-1,-1
197,10,265,365,87,178,-1,-1,-1,-1
198,10,274,364,88,182,-1,-1,-1,-1
199,10,283,363,88,184,-1,-1,-1,-1
200,10,296,359,89,179,-1,-1,-1,-1
201,10,305,360,90,178,-1,-1,-1,-1
202,10,313,360,91,178,-1,-1,-1,-1
203,10,324,360,94,178,-1,-1,-1,-1
204,10,336,360,95,180,-1,-1,-1,-1
205,10,348,359,94,181,-1,-1,-1,-1
206,10,358,356,90,181,-1,-1,-1,-1
207,10,370,355,88,179,-1,-1,-1,-1
208,10,386,359,92,181,-1,-1,-1,-1
209,10,401,362,98,187,-1,-1,-1,-1
210,10,409,360,101,192,-1,-1,-1,-1
211,10,418,357,99,194,-1,-1,-1,-1
212,10,431,356,96,197,-1,-1,-1,-1
213,10,447,356,93,202,-1,-1,-1,-1
214,10,459,353,90,208,-1,-1,-1,-1
215,10,469,354,87,219,-1,-1,-1,-1
216,10,479,352,82,231,-1,-1,-1,-1
217,10,484,352,78,232,-1,-1,-1,-1
173,11,1,391,60,191,-1,-1,-1,-1
174,11,2,391,64,192,-1,-1,-1,-1
175,11,3,390,71,187,-1,-1,-1,-1
176,11,5,388,75,180,-1,-1,-1,-1
177,11,10,387,76,183,-1,-1,-1,-1
178,11,16,387,81,186,-1,-1,-1,-1
179,11,22,386,84,188,-1,-1,-1,-1
180,11,29,386,85,188,-1,-1,-1,-1
181,11,38,386,85,186,-1,-1,-1,-1
182,11,47,386,88,187,-1,-1,-1,-1
183,11,55,387,89,189,-1,-1,-1,-1
184,11,63,387,90,192,-1,-1,-1,-1
185,11,70,386,92,195,-1,-1,-1,-1
186,11,78,385,94,196,-1,-1,-1,-1
187,11,88,385,94,199,-1,-1,-1,-1
188,11,96,383,95,203,-1,-1,-1,-1
189,11,104,383,95,206,-1,-1,-1,-1
190,11,114,382,96,207,-1,-1,-1,-1
191,11,123,380,99,211,-1,-1,-1,-1
192,11,130,377,100,213,-1,-1,-1,-1
193,11,139,376,100,212,-1,-1,-1,-1
194,11,149,379,99,211,-1,-1,-1,-1
195,11,160,379,100,211,-1,-1,-1,-1
196,11,169,378,100,211,-1,-1,-1,-1
197,11,179,377,98,212,-1,-1,-1,-1
198,11,190,375,98,215,-1,-1,-1,-1
199,11,200,372,99,216,-1,-1,-1,-1
200,11,210,368,99,216,-1,-1,-1,-1
201,11,220,365,100,217,-1,-1,-1,-1
202,11,230,363,100,218,-1,-1,-1,-1
203,11,242,362,100,219,-1,-1,-1,-1
204,11,254,362,99,221,-1,-1,-1,-1
205,11,266,362,98,222,-1,-1,-1,-1
206,11,278,360,96,222,-1,-1,-1,-1
207,11,290,359,93,222,-1,-1,-1,-1
208,11,303,363,94,222,-1,-1,-1,-1
209,11,314,363,97,224,-1,-1,-1,-1
210,11,324,363,100,226,-1,-1,-1,-1
211,11,333,363,101,229,-1,-1,-1,-1
212,11,341,361,104,228,-1,-1,-1,-1
213,11,355,360,109,226,-1,-1,-1,-1
214,11,374,360,110,226,-1,-1,-1,-1
215,11,386,358,105,227,-1,-1,-1,-1
216,11,397,357,98,223,-1,-1,-1,-1
217,11,415,361,96,222,-1,-1,-1,-1
218,11,436,361,99,227,-1,-1,-1,-1
219,11,447,358,103,232,-1,-1,-1,-1
220,11,455,355,102,236,-1,-1,-1,-1
221,11,467,353,95,238,-1,-1,-1,-1
222,11,483,350,80,236,-1,-1,-1,-1
223,11,490,353,74,238,-1,-1,-1,-1
183,12,502,377,67,189,-1,-1,-1,-1
184,12,499,377,70,198,-1,-1,-1,-1
185,12,493,381,71,195,-1,-1,-1,-1
186,12,488,386,75,191,-1,-1,-1,-1
187,12,480,390,82,192,-1,-1,-1,-1
188,12,474,392,86,195,-1,-1,-1,-1
189,12,469,391,86,196,-1,-1,-1,-1
190,12,463,389,84,198,-1,-1,-1,-1
191,12,460,386,79,198,-1,-1,-1,-1
192,12,457,383,77,198,-1,-1,-1,-1
193,12,451,380,77,200,-1,-1,-1,-1
194,12,443,378,78,203,-1,-1,-1,-1
195,12,437,381,76,202,-1,-1,-1,-1
196,12,431,385,75,200,-1,-1,-1,-1
197,12,425,389,79,197,-1,-1,-1,-1
198,12,419,390,85,195,-1,-1,-1,-1
199,12,411,387,90,189,-1,-1,-1,-1
200,12,406,385,89,185,-1,-1,-1,-1
214,12,326,389,61,184,-1,-1,-1,-1
215,12,321,390,65,189,-1,-1,-1,-1
216,12,315,391,72,193,-1,-1,-1,-1
217,12,308,391,78,195,-1,-1,-1,-1
218,12,300,390,78,197,-1,-1,-1,-1
219,12,295,389,77,197,-1,-1,-1,-1
220,12,291,389,75,195,-1,-1,-1,-1
221,12,287,392,74,194,-1,-1,-1,-1
222,12,280,395,77,191,-1,-1,-1,-1
223,12,272,397,82,189,-1,-1,-1,-1
224,12,263,398,91,188,-1,-1,-1,-1
225,12,254,399,99,187,-1,-1,-1,-1
226,12,247,399,104,187,-1,-1,-1,-1
227,12,242,397,104,189,-1,-1,-1,-1
228,12,235,393,100,193,-1,-1,-1,-1
229,12,230,390,90,195,-1,-1,-1,-1
230,12,229,389,81,195,-1,-1,-1,-1
231,12,229,389,74,194,-1,-1,-1,-1
232,12,227,390,72,193,-1,-1,-1,-1
233,12,222,389,72,193,-1,-1,-1,-1
234,12,215,389,74,194,-1,-1,-1,-1
235,12,209,390,75,194,-1,-1,-1,-1
236,12,204,390,77,193,-1,-1,-1,-1
237,12,200,392,79,191,-1,-1,-1,-1
238,12,196,396,81,188,-1,-1,-1,-1
239,12,190,399,83,187,-1,-1,-1,-1
240,12,183,399,82,187,-1,-1,-1,-1
241,12,178,395,79,188,-1,-1,-1,-1
242,12,175,391,76,189,-1,-1,-1,-1
243,12,173,390,73,190,-1,-1,-1,-1
244,12,170,390,72,189,-1,-1,-1,-1
245,12,165,390,74,189,-1,-1,-1,-1
246,12,158,391,77,189,-1,-1,-1,-1
247,12,151,391,79,189,-1,-1,-1,-1
248,12,145,393,83,189,-1,-1,-1,-1
249,12,141,395,88,188,-1,-1,-1,-1
250,12,136,395,91,188,-1,-1,-1,-1
251,12,131,396,94,187,-1,-1,-1,-1
252,12,126,398,96,186,-1,-1,-1,-1
253,12,120,398,94,186,-1,-1,-1,-1
254,12,116,397,88,185,-1,-1,-1,-1
255,12,113,397,82,185,-1,-1,-1,-1
256,12,111,396,78,185,-1,-1,-1,-1
257,12,108,395,75,185,-1,-1,-1,-1
258,12,103,394,76,185,-1,-1,-1,-1
259,12,98,395,77,185,-1,-1,-1,-1
260,12,93,396,76,184,-1,-1,-1,-1
261,12,90,399,77,181,-1,-1,-1,-1
262,12,87,402,78,177,-1,-1,-1,-1
263,12,83,404,79,173,-1,-1,-1,-1
264,12,80,405,80,172,-1,-1,-1,-1
265,12,74,404,81,173,-1,-1,-1,-1
266,12,70,404,81,175,-1,-1,-1,-1
267,12,66,403,80,175,-1,-1,-1,-1
268,12,62,403,79,174,-1,-1,-1,-1
269,12,60,404,76,171,-1,-1,-1,-1
270,12,58,405,73,168,-1,-1,-1,-1
271,12,55,406,72,167,-1,-1,-1,-1
272,12,51,407,73,167,-1,-1,-1,-1
273,12,44,408,76,168,-1,-1,-1,-1
274,12,38,407,80,170,-1,-1,-1,-1
275,12,32,408,83,171,-1,-1,-1,-1
276,12,27,409,87,170,-1,-1,-1,-1
277,12,24,412,89,167,-1,-1,-1,-1
278,12,21,412,89,164,-1,-1,-1,-1
279,12,18,410,86,164,-1,-1,-1,-1
280,12,14,407,84,166,-1,-1,-1,-1
281,12,11,404,82,170,-1,-1,-1,-1
282,12,7,402,81,173,-1,-1,-1,-1
283,12,5,400,78,177,-1,-1,-1,-1
284,12,4,399,75,178,-1,-1,-1,-1
285,12,3,401,72,177,-1,-1,-1,-1
286,12,2,404,70,173,-1,-1,-1,-1
287,12,1,407,68,170,-1,-1,-1,-1
288,12,1,410,66,168,-1,-1,-1,-1
289,12,1,412,65,167,-1,-1,-1,-1
290,12,0,412,64,166,-1,-1,-1,-1
291,12,0,412,62,164,-1,-1,-1,-1
292,12,0,412,59,163,-1,-1,-1,-1
293,12,0,412,56,163,-1,-1,-1,-1
294,12,0,412,53,162,-1,-1,-1,-1
295,12,-2,411,47,158,-1,-1,-1,-1
296,12,-1,412,43,158,-1,-1,-1,-1
196,13,501,377,60,191,-1,-1,-1,-1
197,13,499,375,61,192,-1,-1,-1,-1
198,13,496,376,64,194,-1,-1,-1,-1
199,13,491,374,70,202,-1,-1,-1,-1
200,13,485,370,76,210,-1,-1,-1,-1
201,13,478,372,80,209,-1,-1,-1,-1
202,13,472,374,84,204,-1,-1,-1,-1
203,13,468,377,84,196,-1,-1,-1,-1
204,13,464,380,84,190,-1,-1,-1,-1
205,13,451,378,83,181,-1,-1,-1,-1
206,13,444,373,81,170,-1,-1,-1,-1
219,13,376,391,65,172,-1,-1,-1,-1
220,13,375,388,66,181,-1,-1,-1,-1
221,13,371,386,68,189,-1,-1,-1,-1
222,13,365,384,71,196,-1,-1,-1,-1
223,13,359,382,75,199,-1,-1,-1,-1
224,13,354,382,76,198,-1,-1,-1,-1
225,13,347,382,77,197,-1,-1,-1,-1
226,13,342,383,78,197,-1,-1,-1,-1
227,13,336,383,80,198,-1,-1,-1,-1
228,13,328,385,85,198,-1,-1,-1,-1
229,13,319,387,91,197,-1,-1,-1,-1
230,13,311,388,99,196,-1,-1,-1,-1
231,13,305,389,103,194,-1,-1,-1,-1
232,13,302,390,105,192,-1,-1,-1,-1
233,13,296,391,106,189,-1,-1,-1,-1
234,13,290,391,103,188,-1,-1,-1,-1
235,13,287,390,99,188,-1,-1,-1,-1
236,13,284,388,95,189,-1,-1,-1,-1
237,13,280,386,90,189,-1,-1,-1,-1
238,13,276,385,85,190,-1,-1,-1,-1
239,13,271,384,82,190,-1,-1,-1,-1
240,13,266,384,81,190,-1,-1,-1,-1
241,13,261,385,81,190,-1,-1,-1,-1
242,13,258,385,79,190,-1,-1,-1,-1
243,13,254,387,79,189,-1,-1,-1,-1
244,13,248,389,82,190,-1,-1,-1,-1
245,13,243,389,84,189,-1,-1,-1,-1
246,13,237,391,86,187,-1,-1,-1,-1
247,13,232,391,86,185,-1,-1,-1,-1
248,13,228,391,84,185,-1,-1,-1,-1
249,13,226,391,79,184,-1,-1,-1,-1
250,13,223,389,75,183,-1,-1,-1,-1
251,13,218,386,72,182,-1,-1,-1,-1
252,13,214,384,72,182,-1,-1,-1,-1
253,13,209,386,73,181,-1,-1,-1,-1
254,13,205,388,75,183,-1,-1,-1,-1
255,13,202,389,76,185,-1,-1,-1,-1
256,13,197,389,78,187,-1,-1,-1,-1
257,13,189,389,83,187,-1,-1,-1,-1
258,13,183,390,88,187,-1,-1,-1,-1
259,13,178,392,91,185,-1,-1,-1,-1
260,13,173,393,92,184,-1,-1,-1,-1
261,13,170,393,93,183,-1,-1,-1,-1
262,13,166,392,93,182,-1,-1,-1,-1
263,13,162,392,91,180,-1,-1,-1,-1
264,13,156,392,88,178,-1,-1,-1,-1
265,13,151,392,86,179,-1,-1,-1,-1
266,13,147,390,84,180,-1,-1,-1,-1
267,13,144,390,80,181,-1,-1,-1,-1
268,13,140,391,79,181,-1,-1,-1,-1
269,13,137,391,77,182,-1,-1,-1,-1
270,13,135,392,77,182,-1,-1,-1,-1
271,13,131,394,78,180,-1,-1,-1,-1
272,13,127,395,80,178,-1,-1,-1,-1
273,13,123,395,80,177,-1,-1,-1,-1
274,13,120,394,79,177,-1,-1,-1,-1
275,13,118,393,78,177,-1,-1,-1,-1
276,13,116,395,76,176,-1,-1,-1,-1
277,13,113,398,74,173,-1,-1,-1,-1
278,13,110,397,72,170,-1,-1,-1,-1
279,13,106,396,71,170,-1,-1,-1,-1
280,13,102,397,72,171,-1,-1,-1,-1
281,13,99,398,74,173,-1,-1,-1,-1
282,13,96,398,75,173,-1,-1,-1,-1
283,13,93,398,76,174,-1,-1,-1,-1
284,13,90,400,79,173,-1,-1,-1,-1
285,13,87,401,81,172,-1,-1,-1,-1
286,13,84,403,83,170,-1,-1,-1,-1
287,13,80,404,84,168,-1,-1,-1,-1
288,13,75,404,85,167,-1,-1,-1,-1
289,13,71,404,85,165,-1,-1,-1,-1
290,13,70,403,82,164,-1,-1,-1,-1
291,13,70,402,79,165,-1,-1,-1,-1
292,13,69,400,76,165,-1,-1,-1,-1
293,13,67,400,75,166,-1,-1,-1,-1
294,13,64,401,74,167,-1,-1,-1,-1
295,13,61,403,75,166,-1,-1,-1,-1
296,13,58,405,77,165,-1,-1,-1,-1
297,13,54,406,79,163,-1,-1,-1,-1
298,13,50,407,80,161,-1,-1,-1,-1
299,13,46,407,81,159,-1,-1,-1,-1
300,13,43,407,81,158,-1,-1,-1,-1
301,13,41,407,80,158,-1,-1,-1,-1
302,13,38,408,79,157,-1,-1,-1,-1
303,13,35,409,78,157,-1,-1,-1,-1
304,13,32,407,78,157,-1,-1,-1,-1
305,13,28,403,76,160,-1,-1,-1,-1
306,13,26,401,74,162,-1,-1,-1,-1
307,13,23,400,74,164,-1,-1,-1,-1
308,13,19,401,75,165,-1,-1,-1,-1
309,13,15,400,78,166,-1,-1,-1,-1
310,13,11,401,81,165,-1,-1,-1,-1
311,13,8,403,83,163,-1,-1,-1,-1
312,13,5,407,84,160,-1,-1,-1,-1
313,13,3,412,84,155,-1,-1,-1,-1
314,13,2,415,82,153,-1,-1,-1,-1
315,13,1,414,80,152,-1,-1,-1,-1
316,13,0,412,75,153,-1,-1,-1,-1
317,13,0,410,70,155,-1,-1,-1,-1
318,13,0,408,65,157,-1,-1,-1,-1
319,13,0,408,61,158,-1,-1,-1,-1
320,13,0,410,60,157,-1,-1,-1,-1
321,13,0,413,58,154,-1,-1,-1,-1
322,13,0,414,57,151,-1,-1,-1,-1
323,13,0,415,55,149,-1,-1,-1,-1
324,13,0,415,53,146,-1,-1,-1,-1
325,13,0,419,50,141,-1,-1,-1,-1
326,13,0,421,48,137,-1,-1,-1,-1
327,13,0,421,45,134,-1,-1,-1,-1
328,13,0,420,43,133,-1,-1,-1,-1
242,14,869,327,84,250,-1,-1,-1,-1
243,14,870,324,93,262,-1,-1,-1,-1
244,14,873,326,101,264,-1,-1,-1,-1
245,14,877,328,112,258,-1,-1,-1,-1
246,14,882,330,124,253,-1,-1,-1,-1
247,14,888,331,131,249,-1,-1,-1,-1
248,14,897,330,135,249,-1,-1,-1,-1
249,14,909,329,136,252,-1,-1,-1,-1
250,14,922,329,133,253,-1,-1,-1,-1
251,14,933,328,129,254,-1,-1,-1,-1
252,14,944,328,123,254,-1,-1,-1,-1
253,14,952,330,113,253,-1,-1,-1,-1
254,14,968,331,99,256,-1,-1,-1,-1
255,14,979,329,92,256,-1,-1,-1,-1
258,15,1489,362,69,225,-1,-1,-1,-1
259,15,1478,358,80,228,-1,-1,-1,-1
260,15,1473,353,85,233,-1,-1,-1,-1
261,15,1471,353,87,234,-1,-1,-1,-1
262,15,1469,352,89,234,-1,-1,-1,-1
263,15,1466,353,91,235,-1,-1,-1,-1
264,15,1462,352,94,237,-1,-1,-1,-1
265,15,1457,352,96,237,-1,-1,-1,-1
266,15,1451,351,95,236,-1,-1,-1,-1
267,15,1444,352,93,233,-1,-1,-1,-1
268,15,1438,352,91,231,-1,-1,-1,-1
269,15,1434,348,87,222,-1,-1,-1,-1
270,15,1425,338,80,196,-1,-1,-1,-1
271,15,1411,343,81,182,-1,-1,-1,-1
281,15,1332,355,85,198,-1,-1,-1,-1
282,15,1324,356,86,207,-1,-1,-1,-1
283,15,1311,358,95,221,-1,-1,-1,-1
284,15,1294,360,112,229,-1,-1,-1,-1
285,15,1278,362,128,233,-1,-1,-1,-1
286,15,1268,362,135,234,-1,-1,-1,-1
287,15,1264,362,136,232,-1,-1,-1,-1
288,15,1260,363,135,230,-1,-1,-1,-1
289,15,1256,361,130,230,-1,-1,-1,-1
290,15,1251,358,122,233,-1,-1,-1,-1
291,15,1248,357,111,233,-1,-1,-1,-1
292,15,1245,358,101,232,-1,-1,-1,-1
293,15,1241,357,93,233,-1,-1,-1,-1
294,15,1233,354,90,235,-1,-1,-1,-1
295,15,1226,353,91,236,-1,-1,-1,-1
296,15,1215,356,98,235,-1,-1,-1,-1
297,15,1198,357,110,234,-1,-1,-1,-1
298,15,1181,361,124,230,-1,-1,-1,-1
299,15,1172,368,133,222,-1,-1,-1,-1
300,15,1167,369,139,220,-1,-1,-1,-1
301,15,1162,370,141,220,-1,-1,-1,-1
302,15,1158,370,137,220,-1,-1,-1,-1
303,15,1154,372,127,218,-1,-1,-1,-1
304,15,1150,373,114,217,-1,-1,-1,-1
305,15,1147,370,101,218,-1,-1,-1,-1
306,15,1144,364,92,222,-1,-1,-1,-1
307,15,1140,360,86,226,-1,-1,-1,-1
308,15,1134,360,84,229,-1,-1,-1,-1
309,15,1128,361,84,229,-1,-1,-1,-1
310,15,1122,363,87,227,-1,-1,-1,-1
311,15,1118,367,91,223,-1,-1,-1,-1
312,15,1114,369,94,220,-1,-1,-1,-1
313,15,1110,370,95,216,-1,-1,-1,-1
314,15,1103,370,96,213,-1,-1,-1,-1
315,15,1098,371,96,213,-1,-1,-1,-1
258,16,1103,316,110,247,-1,-1,-1,-1
259,16,1108,316,111,249,-1,-1,-1,-1
260,16,1113,313,119,258,-1,-1,-1,-1
261,16,1117,311,131,263,-1,-1,-1,-1
262,16,1121,314,141,263,-1,-1,-1,-1
263,16,1131,318,144,263,-1,-1,-1,-1
264,16,1142,319,145,265,-1,-1,-1,-1
265,16,1157,318,146,268,-1,-1,-1,-1
266,16,1175,316,147,271,-1,-1,-1,-1
267,16,1194,315,145,272,-1,-1,-1,-1
268,16,1211,316,142,272,-1,-1,-1,-1
269,16,1231,316,140,272,-1,-1,-1,-1
270,16,1250,315,139,274,-1,-1,-1,-1
271,16,1271,312,137,278,-1,-1,-1,-1
272,16,1278,313,137,280,-1,-1,-1,-1
273,16,1290,311,139,280,-1,-1,-1,-1
274,16,1313,306,139,278,-1,-1,-1,-1
275,16,1323,305,143,277,-1,-1,-1,-1
276,16,1333,306,150,276,-1,-1,-1,-1
277,16,1351,306,156,274,-1,-1,-1,-1
278,16,1369,304,161,274,-1,-1,-1,-1
279,16,1375,305,162,275,-1,-1,-1,-1
280,16,1388,304,157,275,-1,-1,-1,-1
281,16,1407,304,149,277,-1,-1,-1,-1
282,16,1417,304,142,280,-1,-1,-1,-1
283,16,1427,305,134,283,-1,-1,-1,-1
284,16,1440,306,123,284,-1,-1,-1,-1
285,16,1455,305,110,273,-1,-1,-1,-1
286,16,1478,300,89,238,-1,-1,-1,-1
287,16,1487,304,79,228,-1,-1,-1,-1
326,17,977,386,84,197,-1,-1,-1,-1
327,17,974,385,85,200,-1,-1,-1,-1
328,17,972,382,84,206,-1,-1,-1,-1
329,17,970,377,81,210,-1,-1,-1,-1
330,17,967,373,80,213,-1,-1,-1,-1
331,17,961,370,82,216,-1,-1,-1,-1
332,17,954,368,82,219,-1,-1,-1,-1
333,17,948,367,80,221,-1,-1,-1,-1
334,17,941,366,81,222,-1,-1,-1,-1
335,17,932,369,87,220,-1,-1,-1,-1
336,17,919,374,97,215,-1,-1,-1,-1
337,17,907,376,107,212,-1,-1,-1,-1
338,17,899,376,114,210,-1,-1,-1,-1
339,17,892,377,118,210,-1,-1,-1,-1
340,17,886,379,119,210,-1,-1,-1,-1
341,17,880,376,116,211,-1,-1,-1,-1
342,17,875,373,108,212,-1,-1,-1,-1
343,17,872,371,97,212,-1,-1,-1,-1
344,17,870,370,88,214,-1,-1,-1,-1
345,17,867,369,82,216,-1,-1,-1,-1
346,17,865,369,77,217,-1,-1,-1,-1
347,17,866,376,73,212,-1,-1,-1,-1
401,18,493,416,72,173,-1,-1,-1,-1
402,18,495,421,69,167,-1,-1,-1,-1
403,18,494,418,67,168,-1,-1,-1,-1
404,18,492,407,68,180,-1,-1,-1,-1
405,18,491,404,68,185,-1,-1,-1,-1
406,18,488,407,69,183,-1,-1,-1,-1
407,18,484,405,69,184,-1,-1,-1,-1
408,18,480,398,71,189,-1,-1,-1,-1
409,18,475,393,72,194,-1,-1,-1,-1
410,18,470,391,73,198,-1,-1,-1,-1
411,18,464,392,77,198,-1,-1,-1,-1
412,18,455,397,85,193,-1,-1,-1,-1
413,18,447,404,94,187,-1,-1,-1,-1
414,18,439,404,100,185,-1,-1,-1,-1
415,18,433,400,101,187,-1,-1,-1,-1
416,18,427,399,100,189,-1,-1,-1,-1
417,18,422,399,97,189,-1,-1,-1,-1
418,18,418,399,92,189,-1,-1,-1,-1
419,18,414,396,87,191,-1,-1,-1,-1
420,18,411,392,81,195,-1,-1,-1,-1
421,18,407,390,77,198,-1,-1,-1,-1
422,18,403,390,75,199,-1,-1,-1,-1
423,18,399,392,75,199,-1,-1,-1,-1
424,18,395,393,77,198,-1,-1,-1,-1
425,18,389,393,80,197,-1,-1,-1,-1
426,18,383,393,85,197,-1,-1,-1,-1
427,18,377,396,90,196,-1,-1,-1,-1
428,18,371,400,93,192,-1,-1,-1,-1
429,18,366,399,94,190,-1,-1,-1,-1
430,18,362,395,93,191,-1,-1,-1,-1
431,18,360,392,89,194,-1,-1,-1,-1
432,18,355,391,86,194,-1,-1,-1,-1
433,18,352,393,82,191,-1,-1,-1,-1
434,18,349,394,77,189,-1,-1,-1,-1
435,18,347,393,72,192,-1,-1,-1,-1
436,18,345,392,69,194,-1,-1,-1,-1
437,18,341,393,70,194,-1,-1,-1,-1
438,18,334,394,74,193,-1,-1,-1,-1
439,18,326,395,80,192,-1,-1,-1,-1
440,18,319,396,86,190,-1,-1,-1,-1
441,18,313,398,93,188,-1,-1,-1,-1
442,18,308,401,97,187,-1,-1,-1,-1
443,18,304,403,97,185,-1,-1,-1,-1
444,18,300,404,94,184,-1,-1,-1,-1
445,18,298,404,87,182,-1,-1,-1,-1
446,18,296,406,81,181,-1,-1,-1,-1
447,18,292,407,76,181,-1,-1,-1,-1
448,18,288,408,73,179,-1,-1,-1,-1
449,18,285,409,72,177,-1,-1,-1,-1
450,18,281,408,74,178,-1,-1,-1,-1
451,18,276,408,78,178,-1,-1,-1,-1
452,18,270,408,83,178,-1,-1,-1,-1
453,18,266,409,86,176,-1,-1,-1,-1
454,18,261,410,88,175,-1,-1,-1,-1
455,18,257,410,88,175,-1,-1,-1,-1
456,18,254,409,86,175,-1,-1,-1,-1
457,18,251,407,84,176,-1,-1,-1,-1
458,18,248,405,81,177,-1,-1,-1,-1
459,18,245,404,78,179,-1,-1,-1,-1
460,18,242,403,76,179,-1,-1,-1,-1
461,18,240,402,74,180,-1,-1,-1,-1
462,18,237,402,72,180,-1,-1,-1,-1
463,18,234,403,72,180,-1,-1,-1,-1
464,18,230,404,74,180,-1,-1,-1,-1
465,18,224,405,79,179,-1,-1,-1,-1
466,18,218,407,83,178,-1,-1,-1,-1
467,18,214,407,84,178,-1,-1,-1,-1
468,18,212,405,82,179,-1,-1,-1,-1
469,18,209,405,80,179,-1,-1,-1,-1
470,18,205,406,78,178,-1,-1,-1,-1
471,18,203,408,73,176,-1,-1,-1,-1
472,18,202,408,69,174,-1,-1,-1,-1
473,18,200,406,67,173,-1,-1,-1,-1
474,18,196,405,67,172,-1,-1,-1,-1
475,18,191,406,70,172,-1,-1,-1,-1
476,18,186,407,74,172,-1,-1,-1,-1
477,18,182,409,75,171,-1,-1,-1,-1
478,18,179,411,75,169,-1,-1,-1,-1
479,18,177,412,75,168,-1,-1,-1,-1
480,18,175,412,75,169,-1,-1,-1,-1
481,18,172,410,76,169,-1,-1,-1,-1
482,18,169,408,76,171,-1,-1,-1,-1
483,18,166,406,75,172,-1,-1,-1,-1
484,18,163,405,74,173,-1,-1,-1,-1
485,18,160,404,74,173,-1,-1,-1,-1
486,18,158,405,72,173,-1,-1,-1,-1
487,18,155,407,71,174,-1,-1,-1,-1
488,18,152,406,71,174,-1,-1,-1,-1
489,18,148,407,72,174,-1,-1,-1,-1
490,18,143,408,76,172,-1,-1,-1,-1
491,18,139,410,80,169,-1,-1,-1,-1
492,18,135,413,80,166,-1,-1,-1,-1
493,18,133,413,78,165,-1,-1,-1,-1
494,18,130,413,76,165,-1,-1,-1,-1
495,18,127,412,74,165,-1,-1,-1,-1
496,18,123,411,72,166,-1,-1,-1,-1
497,18,121,413,70,166,-1,-1,-1,-1
498,18,118,413,67,165,-1,-1,-1,-1
499,18,116,411,65,165,-1,-1,-1,-1
500,18,114,411,65,164,-1,-1,-1,-1
501,18,111,412,66,164,-1,-1,-1,-1
502,18,107,413,68,164,-1,-1,-1,-1
503,18,105,415,70,163,-1,-1,-1,-1
504,18,102,415,72,163,-1,-1,-1,-1
505,18,98,416,75,162,-1,-1,-1,-1
506,18,95,416,76,162,-1,-1,-1,-1
507,18,92,415,75,163,-1,-1,-1,-1
508,18,89,414,74,164,-1,-1,-1,-1
509,18,87,412,73,164,-1,-1,-1,-1
510,18,85,411,71,165,-1,-1,-1,-1
511,18,83,410,68,164,-1,-1,-1,-1
512,18,82,410,66,165,-1,-1,-1,-1
513,18,80,411,65,164,-1,-1,-1,-1
514,18,76,411,66,164,-1,-1,-1,-1
515,18,71,412,68,162,-1,-1,-1,-1
516,18,67,413,71,161,-1,-1,-1,-1
517,18,62,416,75,160,-1,-1,-1,-1
518,18,58,418,78,158,-1,-1,-1,-1
519,18,56,418,80,157,-1,-1,-1,-1
520,18,54,418,79,157,-1,-1,-1,-1
521,18,52,416,76,159,-1,-1,-1,-1
522,18,49,414,72,162,-1,-1,-1,-1
523,18,45,412,72,162,-1,-1,-1,-1
524,18,40,412,73,163,-1,-1,-1,-1
525,18,35,412,75,163,-1,-1,-1,-1
526,18,32,411,76,163,-1,-1,-1,-1
527,18,30,412,76,163,-1,-1,-1,-1
528,18,28,414,75,161,-1,-1,-1,-1
529,18,27,416,75,159,-1,-1,-1,-1
530,18,25,416,75,158,-1,-1,-1,-1
531,18,24,417,74,158,-1,-1,-1,-1
532,18,23,417,73,157,-1,-1,-1,-1
533,18,22,417,71,155,-1,-1,-1,-1
534,18,19,417,70,155,-1,-1,-1,-1
535,18,16,415,69,157,-1,-1,-1,-1
536,18,13,413,69,160,-1,-1,-1,-1
537,18,10,411,68,162,-1,-1,-1,-1
538,18,8,410,65,163,-1,-1,-1,-1
539,18,7,411,63,162,-1,-1,-1,-1
540,18,7,413,61,160,-1,-1,-1,-1
541,18,7,413,61,160,-1,-1,-1,-1
542,18,6,415,60,158,-1,-1,-1,-1
543,18,4,417,60,157,-1,-1,-1,-1
544,18,3,419,58,156,-1,-1,-1,-1
545,18,3,419,56,155,-1,-1,-1,-1
546,18,1,419,54,155,-1,-1,-1,-1
547,18,0,421,52,154,-1,-1,-1,-1
548,18,0,421,50,153,-1,-1,-1,-1
549,18,0,421,48,151,-1,-1,-1,-1
550,18,0,423,45,149,-1,-1,-1,-1
551,18,0,424,44,147,-1,-1,-1,-1
552,18,0,427,44,145,-1,-1,-1,-1
553,18,0,431,44,141,-1,-1,-1,-1
556,18,0,434,42,136,-1,-1,-1,-1
557,18,0,434,40,133,-1,-1,-1,-1
558,18,-1,431,34,136,-1,-1,-1,-1
630,18,-1,422,29,149,-1,-1,-1,-1
631,18,0,414,28,161,-1,-1,-1,-1
634,18,2,407,31,171,-1,-1,-1,-1
635,18,2,397,34,180,-1,-1,-1,-1
636,18,3,392,39,185,-1,-1,-1,-1
637,18,3,391,43,187,-1,-1,-1,-1
638,18,2,391,45,187,-1,-1,-1,-1
639,18,1,391,47,189,-1,-1,-1,-1
640,18,1,388,47,191,-1,-1,-1,-1
641,18,1,387,48,193,-1,-1,-1,-1
642,18,1,387,50,196,-1,-1,-1,-1
643,18,2,387,52,198,-1,-1,-1,-1
644,18,2,386,55,198,-1,-1,-1,-1
645,18,3,385,61,199,-1,-1,-1,-1
646,18,3,383,66,199,-1,-1,-1,-1
647,18,3,383,71,198,-1,-1,-1,-1
648,18,2,383,74,199,-1,-1,-1,-1
649,18,2,383,77,199,-1,-1,-1,-1
650,18,2,382,80,201,-1,-1,-1,-1
651,18,2,381,81,203,-1,-1,-1,-1
652,18,2,381,83,204,-1,-1,-1,-1
653,18,4,378,85,207,-1,-1,-1,-1
654,18,5,376,88,211,-1,-1,-1,-1
655,18,5,374,91,214,-1,-1,-1,-1
656,18,6,373,93,215,-1,-1,-1,-1
657,18,7,372,95,216,-1,-1,-1,-1
658,18,8,372,95,217,-1,-1,-1,-1
659,18,9,373,94,219,-1,-1,-1,-1
660,18,10,374,94,219,-1,-1,-1,-1
661,18,11,374,93,219,-1,-1,-1,-1
662,18,14,374,92,220,-1,-1,-1,-1
663,18,16,374,90,220,-1,-1,-1,-1
664,18,17,374,88,220,-1,-1,-1,-1
665,18,19,373,87,221,-1,-1,-1,-1
666,18,20,372,85,221,-1,-1,-1,-1
667,18,21,372,84,221,-1,-1,-1,-1
668,18,23,370,83,223,-1,-1,-1,-1
669,18,25,369,83,225,-1,-1,-1,-1
670,18,26,369,84,226,-1,-1,-1,-1
671,18,28,369,85,226,-1,-1,-1,-1
672,18,32,370,87,225,-1,-1,-1,-1
673,18,37,372,87,224,-1,-1,-1,-1
674,18,41,372,85,225,-1,-1,-1,-1
675,18,44,372,84,225,-1,-1,-1,-1
676,18,48,371,83,224,-1,-1,-1,-1
677,18,52,371,83,224,-1,-1,-1,-1
678,18,55,371,85,222,-1,-1,-1,-1
679,18,57,371,88,220,-1,-1,-1,-1
680,18,60,373,91,219,-1,-1,-1,-1
681,18,63,374,93,218,-1,-1,-1,-1
682,18,64,373,94,221,-1,-1,-1,-1
683,18,65,372,95,223,-1,-1,-1,-1
684,18,66,371,96,226,-1,-1,-1,-1
685,18,67,369,98,228,-1,-1,-1,-1
686,18,70,369,97,229,-1,-1,-1,-1
687,18,75,369,94,229,-1,-1,-1,-1
688,18,79,369,90,230,-1,-1,-1,-1
689,18,81,367,87,231,-1,-1,-1,-1
690,18,83,366,87,232,-1,-1,-1,-1
691,18,85,366,88,232,-1,-1,-1,-1
692,18,87,368,88,231,-1,-1,-1,-1
693,18,90,369,88,230,-1,-1,-1,-1
694,18,95,368,86,229,-1,-1,-1,-1
695,18,98,367,85,228,-1,-1,-1,-1
696,18,101,367,84,227,-1,-1,-1,-1
697,18,104,365,83,228,-1,-1,-1,-1
698,18,106,365,83,228,-1,-1,-1,-1
699,18,108,365,83,228,-1,-1,-1,-1
700,18,109,366,84,229,-1,-1,-1,-1
701,18,111,366,84,231,-1,-1,-1,-1
702,18,113,366,85,231,-1,-1,-1,-1
703,18,114,366,85,230,-1,-1,-1,-1
704,18,117,364,85,229,-1,-1,-1,-1
705,18,122,364,85,229,-1,-1,-1,-1
706,18,125,366,85,229,-1,-1,-1,-1
707,18,128,367,85,228,-1,-1,-1,-1
708,18,131,366,85,228,-1,-1,-1,-1
709,18,134,367,85,228,-1,-1,-1,-1
710,18,137,367,84,229,-1,-1,-1,-1
711,18,139,366,84,230,-1,-1,-1,-1
712,18,141,365,85,231,-1,-1,-1,-1
713,18,143,366,86,231,-1,-1,-1,-1
714,18,146,365,88,232,-1,-1,-1,-1
715,18,148,365,92,231,-1,-1,-1,-1
716,18,149,365,97,231,-1,-1,-1,-1
717,18,149,363,102,232,-1,-1,-1,-1
718,18,151,362,104,233,-1,-1,-1,-1
719,18,154,363,105,234,-1,-1,-1,-1
720,18,159,364,104,233,-1,-1,-1,-1
721,18,163,365,101,232,-1,-1,-1,-1
722,18,167,365,98,233,-1,-1,-1,-1
723,18,171,363,95,234,-1,-1,-1,-1
724,18,174,364,93,235,-1,-1,-1,-1
725,18,178,364,92,236,-1,-1,-1,-1
726,18,181,363,90,236,-1,-1,-1,-1
727,18,185,362,88,236,-1,-1,-1,-1
728,18,189,363,85,237,-1,-1,-1,-1
729,18,193,363,83,237,-1,-1,-1,-1
730,18,195,363,82,238,-1,-1,-1,-1
731,18,197,364,82,237,-1,-1,-1,-1
732,18,197,363,83,238,-1,-1,-1,-1
733,18,198,362,83,239,-1,-1,-1,-1
734,18,199,361,83,240,-1,-1,-1,-1
735,18,200,360,85,240,-1,-1,-1,-1
736,18,201,361,87,241,-1,-1,-1,-1
737,18,203,363,90,241,-1,-1,-1,-1
738,18,205,365,94,241,-1,-1,-1,-1
739,18,208,364,95,243,-1,-1,-1,-1
740,18,213,364,93,244,-1,-1,-1,-1
741,18,218,363,89,244,-1,-1,-1,-1
742,18,221,363,86,244,-1,-1,-1,-1
743,18,224,362,84,245,-1,-1,-1,-1
744,18,225,362,82,245,-1,-1,-1,-1
745,18,227,363,80,245,-1,-1,-1,-1
746,18,228,362,80,245,-1,-1,-1,-1
747,18,231,360,80,244,-1,-1,-1,-1
748,18,234,360,80,243,-1,-1,-1,-1
749,18,237,359,81,243,-1,-1,-1,-1
750,18,240,358,82,245,-1,-1,-1,-1
751,18,244,358,84,245,-1,-1,-1,-1
752,18,251,361,87,241,-1,-1,-1,-1
753,18,258,363,94,239,-1,-1,-1,-1
754,18,256,362,98,243,-1,-1,-1,-1
755,18,252,361,99,246,-1,-1,-1,-1
756,18,254,358,96,248,-1,-1,-1,-1
757,18,259,356,93,249,-1,-1,-1,-1
758,18,264,355,89,249,-1,-1,-1,-1
759,18,270,356,88,249,-1,-1,-1,-1
760,18,275,357,87,250,-1,-1,-1,-1
761,18,279,357,86,250,-1,-1,-1,-1
762,18,281,357,87,252,-1,-1,-1,-1
763,18,282,356,89,253,-1,-1,-1,-1
764,18,283,354,94,254,-1,-1,-1,-1
765,18,285,354,98,254,-1,-1,-1,-1
766,18,286,354,101,253,-1,-1,-1,-1
767,18,287,353,103,252,-1,-1,-1,-1
768,18,288,353,105,253,-1,-1,-1,-1
769,18,290,355,108,253,-1,-1,-1,-1
770,18,292,356,110,253,-1,-1,-1,-1
771,18,295,357,109,252,-1,-1,-1,-1
772,18,299,356,109,252,-1,-1,-1,-1
773,18,302,354,108,253,-1,-1,-1,-1
774,18,306,353,108,254,-1,-1,-1,-1
775,18,308,353,111,254,-1,-1,-1,-1
776,18,308,353,113,256,-1,-1,-1,-1
777,18,308,353,111,258,-1,-1,-1,-1
778,18,310,352,107,261,-1,-1,-1,-1
779,18,316,351,100,263,-1,-1,-1,-1
780,18,325,349,89,264,-1,-1,-1,-1
781,18,332,348,81,265,-1,-1,-1,-1
782,18,335,348,76,266,-1,-1,-1,-1
783,18,338,348,76,265,-1,-1,-1,-1
784,18,341,349,78,261,-1,-1,-1,-1
785,18,342,351,81,260,-1,-1,-1,-1
786,18,335,350,91,262,-1,-1,-1,-1
787,18,318,348,108,266,-1,-1,-1,-1
788,18,304,346,124,270,-1,-1,-1,-1
789,18,299,345,135,272,-1,-1,-1,-1
790,18,299,345,139,271,-1,-1,-1,-1
791,18,303,346,137,267,-1,-1,-1,-1
792,18,311,346,132,265,-1,-1,-1,-1
793,18,322,347,127,266,-1,-1,-1,-1
794,18,327,347,130,269,-1,-1,-1,-1
795,18,332,346,138,272,-1,-1,-1,-1
796,18,336,346,146,272,-1,-1,-1,-1
797,18,348,346,148,270,-1,-1,-1,-1
798,18,365,348,141,267,-1,-1,-1,-1
799,18,375,347,135,264,-1,-1,-1,-1
800,18,375,346,131,265,-1,-1,-1,-1
801,18,373,344,126,269,-1,-1,-1,-1
802,18,382,344,119,269,-1,-1,-1,-1
803,18,395,346,110,266,-1,-1,-1,-1
804,18,408,347,101,265,-1,-1,-1,-1
805,18,416,346,96,266,-1,-1,-1,-1
806,18,419,344,95,268,-1,-1,-1,-1
807,18,418,345,97,267,-1,-1,-1,-1
808,18,418,346,100,268,-1,-1,-1,-1
809,18,421,347,102,271,-1,-1,-1,-1
810,18,428,347,101,271,-1,-1,-1,-1
811,18,437,347,98,270,-1,-1,-1,-1
812,18,446,348,93,268,-1,-1,-1,-1
813,18,452,349,89,265,-1,-1,-1,-1
814,18,457,348,87,262,-1,-1,-1,-1
815,18,462,347,85,260,-1,-1,-1,-1
816,18,469,346,82,256,-1,-1,-1,-1
817,18,476,347,77,253,-1,-1,-1,-1
818,18,480,350,74,255,-1,-1,-1,-1
819,18,482,350,72,258,-1,-1,-1,-1
820,18,486,349,70,260,-1,-1,-1,-1
821,18,491,348,65,261,-1,-1,-1,-1
677,19,2,393,68,205,-1,-1,-1,-1
678,19,2,393,70,198,-1,-1,-1,-1
679,19,1,389,72,199,-1,-1,-1,-1
680,19,2,386,71,205,-1,-1,-1,-1
681,19,4,382,69,210,-1,-1,-1,-1
682,19,3,380,69,210,-1,-1,-1,-1
683,19,2,379,71,208,-1,-1,-1,-1
684,19,1,378,71,206,-1,-1,-1,-1
685,19,2,377,71,206,-1,-1,-1,-1
686,19,4,375,72,207,-1,-1,-1,-1
687,19,7,374,76,209,-1,-1,-1,-1
688,19,10,374,80,208,-1,-1,-1,-1
689,19,11,374,82,209,-1,-1,-1,-1
690,19,12,374,84,213,-1,-1,-1,-1
691,19,12,374,86,219,-1,-1,-1,-1
692,19,12,375,89,225,-1,-1,-1,-1
693,19,12,375,91,226,-1,-1,-1,-1
694,19,13,373,92,224,-1,-1,-1,-1
695,19,13,373,93,220,-1,-1,-1,-1
696,19,14,374,94,217,-1,-1,-1,-1
697,19,16,376,94,215,-1,-1,-1,-1
698,19,18,377,93,216,-1,-1,-1,-1
699,19,21,377,91,219,-1,-1,-1,-1
700,19,26,377,89,220,-1,-1,-1,-1
701,19,32,377,86,221,-1,-1,-1,-1
702,19,36,378,84,222,-1,-1,-1,-1
703,19,39,377,83,223,-1,-1,-1,-1
704,19,42,375,81,224,-1,-1,-1,-1
705,19,45,373,80,225,-1,-1,-1,-1
706,19,46,372,80,227,-1,-1,-1,-1
707,19,47,372,80,228,-1,-1,-1,-1
708,19,49,373,80,230,-1,-1,-1,-1
709,19,50,373,81,230,-1,-1,-1,-1
710,19,50,370,84,231,-1,-1,-1,-1
711,19,49,367,88,234,-1,-1,-1,-1
712,19,50,366,92,237,-1,-1,-1,-1
713,19,51,366,95,240,-1,-1,-1,-1
714,19,53,367,99,243,-1,-1,-1,-1
715,19,55,365,102,244,-1,-1,-1,-1
716,19,57,363,102,240,-1,-1,-1,-1
717,19,60,362,99,234,-1,-1,-1,-1
718,19,63,365,97,229,-1,-1,-1,-1
719,19,66,368,97,225,-1,-1,-1,-1
720,19,69,371,97,222,-1,-1,-1,-1
721,19,73,372,97,220,-1,-1,-1,-1
722,19,77,372,97,220,-1,-1,-1,-1
723,19,83,372,99,223,-1,-1,-1,-1
724,19,88,371,100,227,-1,-1,-1,-1
725,19,93,368,98,232,-1,-1,-1,-1
726,19,97,366,96,234,-1,-1,-1,-1
727,19,101,365,94,236,-1,-1,-1,-1
728,19,104,365,92,240,-1,-1,-1,-1
729,19,107,366,89,242,-1,-1,-1,-1
730,19,111,366,87,241,-1,-1,-1,-1
731,19,114,367,85,240,-1,-1,-1,-1
732,19,117,368,85,242,-1,-1,-1,-1
733,19,121,368,85,244,-1,-1,-1,-1
734,19,124,365,84,246,-1,-1,-1,-1
735,19,127,364,84,246,-1,-1,-1,-1
736,19,129,364,82,246,-1,-1,-1,-1
737,19,133,364,79,246,-1,-1,-1,-1
738,19,136,365,77,246,-1,-1,-1,-1
739,19,139,364,76,246,-1,-1,-1,-1
740,19,140,364,76,245,-1,-1,-1,-1
741,19,143,364,77,243,-1,-1,-1,-1
742,19,146,366,78,242,-1,-1,-1,-1
743,19,150,365,78,244,-1,-1,-1,-1
744,19,152,363,77,245,-1,-1,-1,-1
745,19,156,363,76,246,-1,-1,-1,-1
746,19,159,363,76,245,-1,-1,-1,-1
747,19,161,361,77,244,-1,-1,-1,-1
748,19,163,360,79,244,-1,-1,-1,-1
749,19,164,360,82,243,-1,-1,-1,-1
750,19,165,360,85,242,-1,-1,-1,-1
751,19,165,359,88,241,-1,-1,-1,-1
752,19,168,360,90,241,-1,-1,-1,-1
753,19,172,362,92,241,-1,-1,-1,-1
754,19,176,364,92,239,-1,-1,-1,-1
755,19,179,365,92,237,-1,-1,-1,-1
756,19,184,364,91,236,-1,-1,-1,-1
757,19,188,362,89,234,-1,-1,-1,-1
758,19,190,361,88,231,-1,-1,-1,-1
759,19,189,361,91,231,-1,-1,-1,-1
760,19,188,361,96,231,-1,-1,-1,-1
761,19,186,362,102,228,-1,-1,-1,-1
762,19,181,363,108,221,-1,-1,-1,-1
763,19,175,367,115,215,-1,-1,-1,-1
764,19,179,368,119,221,-1,-1,-1,-1
765,19,198,368,109,232,-1,-1,-1,-1
766,19,214,365,95,237,-1,-1,-1,-1
767,19,221,361,86,238,-1,-1,-1,-1
768,19,226,360,79,235,-1,-1,-1,-1
769,19,230,363,73,236,-1,-1,-1,-1
770,19,234,365,70,239,-1,-1,-1,-1
771,19,239,365,69,243,-1,-1,-1,-1
772,19,242,364,70,245,-1,-1,-1,-1
773,19,243,361,74,246,-1,-1,-1,-1
774,19,243,361,78,248,-1,-1,-1,-1
775,19,243,360,81,250,-1,-1,-1,-1
776,19,244,359,84,252,-1,-1,-1,-1
777,19,246,359,85,254,-1,-1,-1,-1
778,19,248,359,86,255,-1,-1,-1,-1
779,19,252,360,87,257,-1,-1,-1,-1
780,19,259,358,89,260,-1,-1,-1,-1
781,19,265,355,92,265,-1,-1,-1,-1
782,19,270,353,93,268,-1,-1,-1,-1
783,19,274,352,92,267,-1,-1,-1,-1
784,19,277,353,89,265,-1,-1,-1,-1
785,19,281,354,87,265,-1,-1,-1,-1
786,19,285,351,87,266,-1,-1,-1,-1
686,20,1439,313,119,247,-1,-1,-1,-1
687,20,1422,311,134,251,-1,-1,-1,-1
688,20,1400,311,148,249,-1,-1,-1,-1
689,20,1376,313,156,243,-1,-1,-1,-1
690,20,1353,317,157,238,-1,-1,-1,-1
691,20,1330,320,157,239,-1,-1,-1,-1
692,20,1307,322,157,242,-1,-1,-1,-1
693,20,1283,321,158,241,-1,-1,-1,-1
694,20,1259,322,158,238,-1,-1,-1,-1
695,20,1236,324,158,236,-1,-1,-1,-1
696,20,1214,326,157,234,-1,-1,-1,-1
697,20,1192,327,156,235,-1,-1,-1,-1
698,20,1173,327,152,236,-1,-1,-1,-1
699,20,1156,330,146,237,-1,-1,-1,-1
700,20,1139,330,141,237,-1,-1,-1,-1
701,20,1123,330,136,238,-1,-1,-1,-1
702,20,1113,333,126,238,-1,-1,-1,-1
703,20,1104,340,105,231,-1,-1,-1,-1
704,20,1103,347,91,216,-1,-1,-1,-1
708,20,962,338,103,228,-1,-1,-1,-1
709,20,950,339,110,229,-1,-1,-1,-1
710,20,931,340,121,231,-1,-1,-1,-1
711,20,911,342,126,227,-1,-1,-1,-1
712,20,896,345,125,222,-1,-1,-1,-1
713,20,881,347,122,222,-1,-1,-1,-1
714,20,870,347,115,223,-1,-1,-1,-1
715,20,862,348,101,220,-1,-1,-1,-1
716,20,860,351,92,211,-1,-1,-1,-1
736,21,467,361,97,202,-1,-1,-1,-1
737,21,460,361,103,207,-1,-1,-1,-1
738,21,446,361,111,211,-1,-1,-1,-1
739,21,435,362,112,209,-1,-1,-1,-1
740,21,423,367,112,203,-1,-1,-1,-1
741,21,409,369,114,201,-1,-1,-1,-1
742,21,396,368,114,200,-1,-1,-1,-1
743,21,384,368,113,199,-1,-1,-1,-1
744,21,370,369,113,198,-1,-1,-1,-1
745,21,355,372,114,195,-1,-1,-1,-1
746,21,342,375,114,191,-1,-1,-1,-1
747,21,331,377,111,188,-1,-1,-1,-1
748,21,324,378,107,187,-1,-1,-1,-1
749,21,318,380,101,187,-1,-1,-1,-1
750,21,312,381,95,185,-1,-1,-1,-1
751,21,304,378,86,183,-1,-1,-1,-1
752,21,302,383,80,182,-1,-1,-1,-1
765,22,147,383,83,169,-1,-1,-1,-1
766,22,140,386,85,166,-1,-1,-1,-1
767,22,133,388,86,161,-1,-1,-1,-1
768,22,125,389,85,156,-1,-1,-1,-1
769,22,116,389,83,153,-1,-1,-1,-1
770,22,109,389,82,152,-1,-1,-1,-1
771,22,101,390,81,154,-1,-1,-1,-1
772,22,93,390,81,155,-1,-1,-1,-1
773,22,84,389,81,155,-1,-1,-1,-1
774,22,77,388,81,154,-1,-1,-1,-1
775,22,69,389,82,153,-1,-1,-1,-1
776,22,60,389,82,153,-1,-1,-1,-1
777,22,52,390,84,156,-1,-1,-1,-1
778,22,45,390,84,158,-1,-1,-1,-1
779,22,38,390,83,159,-1,-1,-1,-1
780,22,30,390,82,158,-1,-1,-1,-1
781,22,23,390,83,158,-1,-1,-1,-1
782,22,17,389,83,159,-1,-1,-1,-1
783,22,12,391,81,160,-1,-1,-1,-1
784,22,8,393,79,159,-1,-1,-1,-1
785,22,4,394,77,157,-1,-1,-1,-1
786,22,1,396,73,156,-1,-1,-1,-1
787,22,0,398,66,155,-1,-1,-1,-1
788,22,0,398,61,155,-1,-1,-1,-1
789,22,0,399,56,155,-1,-1,-1,-1
790,22,0,400,54,152,-1,-1,-1,-1
803,23,361,351,73,258,-1,-1,-1,-1
804,23,364,350,74,264,-1,-1,-1,-1
805,23,367,348,79,268,-1,-1,-1,-1
806,23,368,344,85,269,-1,-1,-1,-1
807,23,370,345,82,269,-1,-1,-1,-1
808,23,374,347,77,271,-1,-1,-1,-1
809,23,377,346,76,275,-1,-1,-1,-1
810,23,380,346,77,278,-1,-1,-1,-1
811,23,386,348,81,279,-1,-1,-1,-1
812,23,390,349,84,279,-1,-1,-1,-1
813,23,391,346,85,278,-1,-1,-1,-1
814,23,392,345,89,278,-1,-1,-1,-1
815,23,396,344,92,280,-1,-1,-1,-1
816,23,401,344,94,284,-1,-1,-1,-1
817,23,408,343,94,287,-1,-1,-1,-1
818,23,414,342,97,289,-1,-1,-1,-1
819,23,418,340,101,290,-1,-1,-1,-1
820,23,420,339,102,290,-1,-1,-1,-1
821,23,424,338,103,292,-1,-1,-1,-1
822,23,429,337,104,291,-1,-1,-1,-1
823,23,434,337,106,290,-1,-1,-1,-1
824,23,438,339,109,288,-1,-1,-1,-1
825,23,440,339,111,288,-1,-1,-1,-1
826,23,442,338,111,284,-1,-1,-1,-1
827,23,444,337,111,279,-1,-1,-1,-1
828,23,448,339,110,274,-1,-1,-1,-1
829,23,451,341,107,275,-1,-1,-1,-1
830,23,453,341,105,279,-1,-1,-1,-1
831,23,457,342,103,282,-1,-1,-1,-1
832,23,462,341,101,286,-1,-1,-1,-1
833,23,466,340,100,290,-1,-1,-1,-1
834,23,472,340,98,289,-1,-1,-1,-1
835,23,478,341,95,285,-1,-1,-1,-1
835,24,1487,311,71,292,-1,-1,-1,-1
836,24,1477,311,81,289,-1,-1,-1,-1
837,24,1464,314,94,283,-1,-1,-1,-1
838,24,1455,319,102,263,-1,-1,-1,-1
839,24,1452,325,104,231,-1,-1,-1,-1
840,24,1442,330,111,237,-1,-1,-1,-1
841,24,1434,326,120,256,-1,-1,-1,-1
842,24,1429,323,125,267,-1,-1,-1,-1
843,24,1427,321,126,273,-1,-1,-1,-1
844,24,1422,319,123,278,-1,-1,-1,-1
845,24,1417,318,118,281,-1,-1,-1,-1
846,24,1412,317,114,282,-1,-1,-1,-1
847,24,1407,316,110,283,-1,-1,-1,-1
848,24,1399,314,110,285,-1,-1,-1,-1
849,24,1389,314,112,285,-1,-1,-1,-1
850,24,1377,316,118,284,-1,-1,-1,-1
851,24,1355,318,135,283,-1,-1,-1,-1
852,24,1333,318,156,281,-1,-1,-1,-1
853,24,1323,318,168,278,-1,-1,-1,-1
854,24,1320,318,170,276,-1,-1,-1,-1
855,24,1317,319,170,276,-1,-1,-1,-1
856,24,1311,321,169,276,-1,-1,-1,-1
857,24,1305,321,165,278,-1,-1,-1,-1
858,24,1300,322,155,279,-1,-1,-1,-1
859,24,1295,319,145,279,-1,-1,-1,-1
860,24,1287,316,137,280,-1,-1,-1,-1
861,24,1279,317,132,278,-1,-1,-1,-1
862,24,1274,319,128,277,-1,-1,-1,-1
863,24,1268,319,125,277,-1,-1,-1,-1
864,24,1261,320,124,277,-1,-1,-1,-1
865,24,1253,320,126,274,-1,-1,-1,-1
866,24,1246,323,131,271,-1,-1,-1,-1
867,24,1236,326,140,271,-1,-1,-1,-1
868,24,1226,326,150,272,-1,-1,-1,-1
869,24,1220,324,157,273,-1,-1,-1,-1
870,24,1215,325,155,273,-1,-1,-1,-1
871,24,1211,326,146,275,-1,-1,-1,-1
872,24,1206,324,133,277,-1,-1,-1,-1
873,24,1203,322,122,277,-1,-1,-1,-1
874,24,1201,322,114,276,-1,-1,-1,-1
875,24,1196,323,107,274,-1,-1,-1,-1
876,24,1191,323,104,274,-1,-1,-1,-1
877,24,1185,324,105,274,-1,-1,-1,-1
878,24,1179,324,106,273,-1,-1,-1,-1
879,24,1172,324,108,274,-1,-1,-1,-1
880,24,1164,324,113,274,-1,-1,-1,-1
881,24,1155,325,121,273,-1,-1,-1,-1
882,24,1147,326,128,272,-1,-1,-1,-1
883,24,1139,327,132,272,-1,-1,-1,-1
884,24,1133,329,130,271,-1,-1,-1,-1
885,24,1127,329,127,269,-1,-1,-1,-1
886,24,1123,328,124,268,-1,-1,-1,-1
887,24,1118,327,122,268,-1,-1,-1,-1
888,24,1113,326,120,267,-1,-1,-1,-1
889,24,1108,327,116,267,-1,-1,-1,-1
890,24,1104,326,111,269,-1,-1,-1,-1
891,24,1102,323,104,269,-1,-1,-1,-1
892,24,1100,325,96,266,-1,-1,-1,-1
893,24,1099,327,91,262,-1,-1,-1,-1
894,24,1100,332,88,257,-1,-1,-1,-1
895,24,1102,340,85,250,-1,-1,-1,-1
896,24,1101,350,85,240,-1,-1,-1,-1
897,24,1098,359,84,233,-1,-1,-1,-1
904,25,990,353,65,250,-1,-1,-1,-1
905,25,987,348,71,256,-1,-1,-1,-1
906,25,983,344,75,259,-1,-1,-1,-1
907,25,979,342,78,260,-1,-1,-1,-1
908,25,976,339,79,259,-1,-1,-1,-1
909,25,974,339,78,258,-1,-1,-1,-1
910,25,972,340,78,258,-1,-1,-1,-1
911,25,971,344,77,258,-1,-1,-1,-1
912,25,969,342,75,259,-1,-1,-1,-1
913,25,969,338,74,258,-1,-1,-1,-1
922,25,883,342,85,279,-1,-1,-1,-1
923,25,879,343,92,271,-1,-1,-1,-1
924,25,875,344,95,263,-1,-1,-1,-1
925,25,872,343,93,259,-1,-1,-1,-1
926,25,868,340,92,263,-1,-1,-1,-1
927,25,865,338,91,263,-1,-1,-1,-1
928,25,864,338,88,260,-1,-1,-1,-1
929,25,865,337,83,257,-1,-1,-1,-1
930,25,866,334,77,254,-1,-1,-1,-1
931,25,866,338,70,248,-1,-1,-1,-1
932,25,864,339,68,246,-1,-1,-1,-1
905,26,874,320,95,298,-1,-1,-1,-1
906,26,874,320,98,298,-1,-1,-1,-1
907,26,875,316,102,303,-1,-1,-1,-1
908,26,876,312,106,308,-1,-1,-1,-1
909,26,878,309,107,319,-1,-1,-1,-1
910,26,881,310,106,327,-1,-1,-1,-1
911,26,887,314,106,326,-1,-1,-1,-1
912,26,894,314,109,324,-1,-1,-1,-1
913,26,899,309,117,325,-1,-1,-1,-1
914,26,902,306,128,327,-1,-1,-1,-1
915,26,903,304,134,327,-1,-1,-1,-1
916,26,905,305,134,323,-1,-1,-1,-1
917,26,907,307,131,321,-1,-1,-1,-1
918,26,906,308,129,324,-1,-1,-1,-1
919,26,902,311,125,324,-1,-1,-1,-1
920,26,901,317,118,314,-1,-1,-1,-1
921,26,915,318,121,311,-1,-1,-1,-1
922,26,934,316,122,313,-1,-1,-1,-1
923,26,949,311,116,313,-1,-1,-1,-1
924,26,958,307,109,313,-1,-1,-1,-1
925,26,964,307,104,309,-1,-1,-1,-1
926,26,968,309,101,304,-1,-1,-1,-1
927,26,973,309,99,306,-1,-1,-1,-1
928,26,978,308,96,310,-1,-1,-1,-1
943,27,1116,326,84,310,-1,-1,-1,-1
944,27,1117,326,88,313,-1,-1,-1,-1
947,27,1118,319,97,324,-1,-1,-1,-1
948,27,1119,314,107,330,-1,-1,-1,-1
949,27,1118,308,116,325,-1,-1,-1,-1
950,27,1119,304,122,324,-1,-1,-1,-1
951,27,1121,304,130,329,-1,-1,-1,-1
952,27,1124,302,140,334,-1,-1,-1,-1
953,27,1125,299,152,338,-1,-1,-1,-1
954,27,1126,297,164,342,-1,-1,-1,-1
955,27,1129,295,172,343,-1,-1,-1,-1
956,27,1130,294,179,341,-1,-1,-1,-1
957,27,1131,293,183,341,-1,-1,-1,-1
958,27,1133,290,181,343,-1,-1,-1,-1
959,27,1139,288,175,346,-1,-1,-1,-1
960,27,1148,285,171,350,-1,-1,-1,-1
961,27,1154,283,172,355,-1,-1,-1,-1
962,27,1158,283,172,355,-1,-1,-1,-1
963,27,1165,281,172,354,-1,-1,-1,-1
964,27,1172,279,168,353,-1,-1,-1,-1
965,27,1178,278,161,350,-1,-1,-1,-1
966,27,1186,278,156,346,-1,-1,-1,-1
967,27,1195,283,154,343,-1,-1,-1,-1
968,27,1204,290,155,346,-1,-1,-1,-1
969,27,1210,289,159,351,-1,-1,-1,-1
970,27,1215,287,165,352,-1,-1,-1,-1
971,27,1222,289,176,348,-1,-1,-1,-1
972,27,1226,290,190,345,-1,-1,-1,-1
973,27,1227,291,204,344,-1,-1,-1,-1
974,27,1227,292,211,342,-1,-1,-1,-1
975,27,1228,293,213,340,-1,-1,-1,-1
976,27,1233,292,209,340,-1,-1,-1,-1
977,27,1238,292,204,342,-1,-1,-1,-1
978,27,1242,291,202,345,-1,-1,-1,-1
979,27,1249,288,198,349,-1,-1,-1,-1
980,27,1261,286,191,353,-1,-1,-1,-1
981,27,1273,284,184,354,-1,-1,-1,-1
982,27,1286,282,177,352,-1,-1,-1,-1
983,27,1296,283,170,351,-1,-1,-1,-1
984,27,1294,284,161,352,-1,-1,-1,-1
985,27,1283,288,146,345,-1,-1,-1,-1
986,27,1287,292,132,336,-1,-1,-1,-1
987,27,1297,294,122,333,-1,-1,-1,-1
988,27,1306,295,117,332,-1,-1,-1,-1
989,27,1313,294,115,333,-1,-1,-1,-1
990,27,1319,291,117,334,-1,-1,-1,-1
991,27,1329,289,128,338,-1,-1,-1,-1
992,27,1337,285,146,343,-1,-1,-1,-1
993,27,1333,285,148,345,-1,-1,-1,-1
994,27,1335,284,151,344,-1,-1,-1,-1
995,27,1347,280,166,344,-1,-1,-1,-1
996,27,1352,279,181,345,-1,-1,-1,-1
997,27,1354,280,189,345,-1,-1,-1,-1
998,27,1355,280,190,343,-1,-1,-1,-1
999,27,1359,283,179,338,-1,-1,-1,-1
1000,27,1371,282,183,337,-1,-1,-1,-1
986,28,486,360,79,235,-1,-1,-1,-1
987,28,482,362,82,237,-1,-1,-1,-1
988,28,473,364,90,235,-1,-1,-1,-1
989,28,462,363,100,235,-1,-1,-1,-1
990,28,453,365,109,234,-1,-1,-1,-1
991,28,448,367,113,232,-1,-1,-1,-1
992,28,445,368,114,229,-1,-1,-1,-1
993,28,443,369,115,229,-1,-1,-1,-1
994,28,439,371,112,228,-1,-1,-1,-1
995,28,431,372,102,227,-1,-1,-1,-1
996,28,428,370,89,227,-1,-1,-1,-1
997,28,426,367,83,228,-1,-1,-1,-1
998,28,422,366,82,228,-1,-1,-1,-1
999,28,415,364,84,232,-1,-1,-1,-1
1000,28,413,364,86,233,-1,-1,-1,-1
995,29,499,370,74,219,-1,-1,-1,-1
996,29,495,369,75,223,-1,-1,-1,-1
997,29,494,367,74,223,-1,-1,-1,-1
998,29,493,367,74,223,-1,-1,-1,-1
999,29,490,365,75,226,-1,-1,-1,-1
1000,29,489,366,75,222,-1,-1,-1,-1
91,4,1278,332,126,264,-1,-1,-1,-1
92,4,1273,332,127,264,-1,-1,-1,-1
93,4,1268,333,128,263,-1,-1,-1,-1
94,4,1263,333,130,263,-1,-1,-1,-1
95,4,1258,333,131,262,-1,-1,-1,-1
96,4,1253,334,132,262,-1,-1,-1,-1
97,4,1248,334,133,261,-1,-1,-1,-1
98,4,1243,334,135,261,-1,-1,-1,-1
99,4,1238,335,136,260,-1,-1,-1,-1
100,4,1233,335,137,260,-1,-1,-1,-1
108,5,1002,352,68,267,-1,-1,-1,-1
109,5,1001,353,69,265,-1,-1,-1,-1
110,5,999,353,70,263,-1,-1,-1,-1
111,5,998,354,71,261,-1,-1,-1,-1
112,5,996,354,72,259,-1,-1,-1,-1
113,5,995,355,73,257,-1,-1,-1,-1
114,5,994,356,74,256,-1,-1,-1,-1
115,5,992,356,75,254,-1,-1,-1,-1
116,5,991,357,76,252,-1,-1,-1,-1
117,5,989,357,77,250,-1,-1,-1,-1
118,5,988,358,78,248,-1,-1,-1,-1
119,5,986,358,79,246,-1,-1,-1,-1
120,5,985,359,80,244,-1,-1,-1,-1
118,6,994,354,101,277,-1,-1,-1,-1
119,6,993,353,99,272,-1,-1,-1,-1
120,6,993,353,97,267,-1,-1,-1,-1
121,6,992,352,95,263,-1,-1,-1,-1
122,6,991,352,93,258,-1,-1,-1,-1
123,6,991,351,91,253,-1,-1,-1,-1
124,6,990,350,89,248,-1,-1,-1,-1
125,6,989,350,87,244,-1,-1,-1,-1
126,6,989,349,85,239,-1,-1,-1,-1
127,6,988,349,83,234,-1,-1,-1,-1
128,6,987,348,81,229,-1,-1,-1,-1
171,7,612,80,479,986,-1,-1,-1,-1
172,7,656,77,484,981,-1,-1,-1,-1
176,7,819,53,526,1006,-1,-1,-1,-1
177,7,854,40,544,1020,-1,-1,-1,-1
201,12,400,385,87,184,-1,-1,-1,-1
202,12,394,385,85,184,-1,-1,-1,-1
203,12,388,385,83,184,-1,-1,-1,-1
204,12,383,386,81,184,-1,-1,-1,-1
205,12,377,386,79,184,-1,-1,-1,-1
206,12,371,386,77,184,-1,-1,-1,-1
207,12,366,387,75,184,-1,-1,-1,-1
208,12,360,387,73,184,-1,-1,-1,-1
209,12,354,387,71,184,-1,-1,-1,-1
210,12,348,387,69,184,-1,-1,-1,-1
211,12,343,388,67,184,-1,-1,-1,-1
212,12,337,388,65,184,-1,-1,-1,-1
213,12,331,388,63,184,-1,-1,-1,-1
207,13,438,374,79,170,-1,-1,-1,-1
208,13,433,375,78,170,-1,-1,-1,-1
209,13,428,377,77,170,-1,-1,-1,-1
210,13,423,378,76,170,-1,-1,-1,-1
211,13,417,379,74,170,-1,-1,-1,-1
212,13,412,381,73,170,-1,-1,-1,-1
213,13,407,382,72,171,-1,-1,-1,-1
214,13,402,384,71,171,-1,-1,-1,-1
215,13,396,385,69,171,-1,-1,-1,-1
216,13,391,386,68,171,-1,-1,-1,-1
217,13,386,388,67,171,-1,-1,-1,-1
218,13,381,389,66,171,-1,-1,-1,-1
272,15,1403,344,81,183,-1,-1,-1,-1
273,15,1395,345,81,185,-1,-1,-1,-1
274,15,1387,346,82,186,-1,-1,-1,-1
275,15,1379,347,82,188,-1,-1,-1,-1
276,15,1371,349,83,190,-1,-1,-1,-1
277,15,1363,350,83,191,-1,-1,-1,-1
278,15,1355,351,83,193,-1,-1,-1,-1
279,15,1347,352,84,194,-1,-1,-1,-1
280,15,1339,353,84,196,-1,-1,-1,-1
554,18,0,432,43,139,-1,-1,-1,-1
555,18,0,433,42,137,-1,-1,-1,-1
632,18,0,411,29,164,-1,-1,-1,-1
633,18,1,409,30,167,-1,-1,-1,-1
705,20,1067,344,94,219,-1,-1,-1,-1
706,20,1032,342,97,222,-1,-1,-1,-1
707,20,997,340,100,225,-1,-1,-1,-1
914,25,959,338,75,260,-1,-1,-1,-1
915,25,949,338,76,262,-1,-1,-1,-1
916,25,940,339,77,265,-1,-1,-1,-1
917,25,930,339,78,267,-1,-1,-1,-1
918,25,921,340,80,269,-1,-1,-1,-1
919,25,911,340,81,272,-1,-1,-1,-1
920,25,902,341,82,274,-1,-1,-1,-1
921,25,892,341,83,276,-1,-1,-1,-1
945,27,1117,323,91,316,-1,-1,-1,-1
946,27,1117,321,94,320,-1,-1,-1,-1
